0.898315 0 33.0459 100
0.988147 0 36.3566 110
1.07798 0 39.6506 120
1.16781 0 42.9509 130
1.25764 0 46.2602 140
1.34747 0 49.566 150
1.4373 0 52.8702 160
1.52714 0 56.1741 170
1.61697 0 59.4778 180
1.7068 0 62.7818 190
1.79663 0 66.0862 200
1.88646 0 69.3908 210
1.97629 0 72.6956 220
2.06613 0 76.0004 230
2.15596 0 79.305 240
2.24579 0 82.6095 250
2.33562 0 85.9139 260
2.42545 0 89.2182 270
2.51528 0 92.5225 280
2.60511 0 95.8269 290
2.69495 0 99.1314 300
2.78478 0 102.436 310
2.87461 0 105.74 320
2.96444 0 109.045 330
3.05427 0 112.349 340
3.1441 0 115.654 350
3.23394 0 118.958 360
3.32377 0 122.263 370
3.4136 0 125.567 380
3.50343 0 128.872 390
3.59326 0 132.176 400
3.68309 0 135.481 410
3.77292 0 138.785 420
3.86276 0 142.09 430
3.95259 0 145.394 440
4.04242 0 148.698 450
4.13225 0 152.003 460
4.22208 0 155.307 470
4.31191 0 158.612 480
4.40174 0 161.916 490
4.49158 0 165.221 500
4.58141 0 168.525 510
4.67124 0 171.83 520
4.76107 0 175.134 530
4.8509 0 178.439 540
4.94073 0 181.743 550
5.03057 0 185.048 560
5.1204 0 188.352 570
5.21023 0 191.656 580
5.30006 0 194.961 590
5.38989 0 198.265 600
5.47972 0 201.57 610
5.56955 0 204.874 620
5.65939 0 208.179 630
5.74922 0 211.483 640
5.83905 0 214.788 650
5.92888 0 218.092 660
6.01871 0 221.397 670
6.10854 0 224.701 680
6.19838 0 228.005 690
6.28821 0 231.31 700
6.37804 0 234.614 710
6.46787 0 237.919 720
6.5577 0 241.223 730
6.64753 0 244.528 740
6.73736 0 247.832 750
6.8272 0 251.137 760
6.91703 0 254.441 770
7.00686 0 257.745 780
7.09669 0 261.05 790
7.18652 0 264.354 800
7.27635 0 267.659 810
7.36619 0 270.963 820
7.45602 0 274.268 830
7.54585 0 277.572 840
7.63568 0 280.877 850
7.72551 0 284.181 860
7.81534 0 287.485 870
7.90517 0 290.79 880
7.99501 0 294.094 890
8.08484 0 297.399 900
8.17467 0 300.703 910
8.2645 0 304.008 920
8.35433 0 307.312 930
8.44416 0 310.616 940
8.534 0 313.921 950
8.62383 0 317.225 960
8.71366 0 320.53 970
8.80349 0 323.834 980
8.89332 0 327.139 990
8.98315 0 330.443 1000
9.07298 0 333.748 1010
9.16282 0 337.052 1020
9.25265 0 340.356 1030
9.34248 0 343.661 1040
9.43231 0 346.965 1050
9.52214 0 350.27 1060
9.61197 0 353.574 1070
9.70181 0 356.879 1080
9.79164 0 360.183 1090
9.88147 0 363.487 1100
9.9713 0 366.792 1110
10.0611 0 370.096 1120
10.151 0 373.401 1130
10.2408 0 376.705 1140
10.3306 0 380.009 1150
10.4205 0 383.314 1160
10.5103 0 386.618 1170
10.6001 0 389.923 1180
10.69 0 393.227 1190
10.7798 0 396.532 1200
10.8696 0 399.836 1210
10.9594 0 403.14 1220
11.0493 0 406.445 1230
11.1391 0 409.749 1240
11.2289 0 413.054 1250
11.3188 0 416.358 1260
11.4086 0 419.662 1270
11.4984 0 422.967 1280
11.5883 0 426.271 1290
11.6781 0 429.576 1300
11.7679 0 432.88 1310
11.8578 0 436.185 1320
11.9476 0 439.489 1330
12.0374 0 442.793 1340
12.1273 0 446.098 1350
12.2171 0 449.402 1360
12.3069 0 452.707 1370
12.3968 0 456.011 1380
12.4866 0 459.315 1390
12.5764 0 462.62 1400
12.6662 0 465.924 1410
12.7561 0 469.229 1420
12.8459 0 472.533 1430
12.9357 0 475.837 1440
13.0256 0 479.142 1450
13.1154 0 482.446 1460
13.2052 0 485.75 1470
13.2951 0 489.055 1480
13.3849 0 492.359 1490
13.4747 0 495.664 1500
13.5646 0 498.968 1510
13.6544 0 502.272 1520
13.7442 0 505.577 1530
13.8341 0 508.881 1540
13.9239 0 512.186 1550
14.0137 0 515.49 1560
14.1035 0 518.794 1570
14.1934 0 522.099 1580
14.2832 0 525.403 1590
14.373 0 528.707 1600
14.4629 0 532.012 1610
14.5527 0 535.316 1620
14.6425 0 538.621 1630
14.7324 0 541.925 1640
14.8222 0 545.229 1650
14.912 0 548.534 1660
15.0019 0 551.838 1670
15.0917 0 555.142 1680
15.1815 0 558.447 1690
15.2714 0 561.751 1700
15.3612 0 565.056 1710
15.451 0 568.36 1720
15.5409 0 571.664 1730
15.6307 0 574.969 1740
15.7205 0 578.273 1750
15.8103 0 581.577 1760
15.9002 0 584.882 1770
15.99 0 588.186 1780
16.0798 0 591.49 1790
16.1697 0 594.795 1800
16.2595 0 598.099 1810
16.3493 0 601.404 1820
16.4392 0 604.708 1830
16.529 0 608.012 1840
16.6188 0 611.317 1850
16.7087 0 614.621 1860
16.7985 0 617.925 1870
16.8883 0 621.23 1880
16.9782 0 624.534 1890
17.068 0 627.838 1900
17.1578 0 631.143 1910
17.2477 0 634.447 1920
17.3375 0 637.751 1930
17.4273 0 641.056 1940
17.5171 0 644.36 1950
17.607 0 647.664 1960
17.6968 0 650.969 1970
17.7866 0 654.273 1980
17.8765 0 657.577 1990
