0.898315 0 33.0537 100
0.988147 0 36.2677 110
1.07798 0 39.4836 120
1.16781 0 42.7462 130
1.25764 0 46.0734 140
1.34747 0 49.4572 150
1.4373 0 52.8832 160
1.52714 0 56.3194 170
1.61697 0 59.7249 180
1.7068 0 63.0664 190
1.79663 0 66.3307 200
1.88646 0 69.5283 210
1.97629 0 72.6877 220
2.06613 0 75.8471 230
2.15596 0 79.0445 240
2.24579 0 82.3095 250
2.33562 0 85.6559 260
2.42545 0 89.0759 270
2.51528 0 92.5395 280
2.60511 0 96.0023 290
2.69495 0 99.4195 300
2.78478 0 102.761 310
2.87461 0 106.018 320
2.96444 0 109.205 330
3.05427 0 112.354 340
3.1441 0 115.505 350
3.23394 0 118.699 360
3.32377 0 121.965 370
3.4136 0 125.314 380
3.50343 0 128.732 390
3.59326 0 132.185 400
3.68309 0 135.631 410
3.77292 0 139.032 420
3.86276 0 142.367 430
3.95259 0 145.631 440
4.04242 0 148.838 450
4.13225 0 152.015 460
4.22208 0 155.196 470
4.31191 0 158.413 480
4.40174 0 161.69 490
4.49158 0 165.032 500
4.58141 0 168.424 510
4.67124 0 171.839 520
4.76107 0 175.244 530
4.8509 0 178.614 540
4.94073 0 181.935 550
5.03057 0 185.208 560
5.1204 0 188.443 570
5.21023 0 191.662 580
5.30006 0 194.887 590
5.38989 0 198.139 600
5.47972 0 201.432 610
5.56955 0 204.766 620
5.65939 0 208.128 630
5.74922 0 211.5 640
5.83905 0 214.862 650
5.92888 0 218.2 660
6.01871 0 221.508 670
6.10854 0 224.789 680
6.19838 0 228.05 690
6.28821 0 231.306 700
6.37804 0 234.569 710
6.46787 0 237.851 720
6.5577 0 241.156 730
6.64753 0 244.482 740
6.73736 0 247.819 750
6.8272 0 251.158 760
6.91703 0 254.489 770
7.00686 0 257.805 780
7.09669 0 261.106 790
7.18652 0 264.394 800
7.27635 0 267.675 810
7.36619 0 270.956 820
7.45602 0 274.245 830
7.54585 0 277.543 840
7.63568 0 280.853 850
7.72551 0 284.171 860
7.81534 0 287.491 870
7.90517 0 290.81 880
7.99501 0 294.124 890
8.08484 0 297.429 900
8.17467 0 300.729 910
8.2645 0 304.023 920
8.35433 0 307.317 930
8.44416 0 310.613 940
8.534 0 313.913 950
8.62383 0 317.218 960
8.71366 0 320.528 970
8.80349 0 323.839 980
8.89332 0 327.15 990
8.98315 0 330.459 1000
9.07298 0 333.765 1010
9.16282 0 337.067 1020
9.25265 0 340.368 1030
9.34248 0 343.668 1040
9.43231 0 346.969 1050
9.52214 0 350.271 1060
9.61197 0 353.576 1070
9.70181 0 356.882 1080
9.79164 0 360.189 1090
9.88147 0 363.496 1100
9.9713 0 366.802 1110
10.0611 0 370.107 1120
10.151 0 373.411 1130
10.2408 0 376.714 1140
10.3306 0 380.017 1150
10.4205 0 383.32 1160
10.5103 0 386.623 1170
10.6001 0 389.928 1180
10.69 0 393.233 1190
10.7798 0 396.539 1200
10.8696 0 399.844 1210
10.9594 0 403.149 1220
11.0493 0 406.454 1230
11.1391 0 409.758 1240
11.2289 0 413.061 1250
11.3188 0 416.365 1260
11.4086 0 419.669 1270
11.4984 0 422.973 1280
11.5883 0 426.278 1290
11.6781 0 429.583 1300
11.7679 0 432.887 1310
11.8578 0 436.192 1320
11.9476 0 439.497 1330
12.0374 0 442.801 1340
12.1273 0 446.105 1350
12.2171 0 449.409 1360
12.3069 0 452.714 1370
12.3968 0 456.018 1380
12.4866 0 459.322 1390
12.5764 0 462.627 1400
12.6662 0 465.931 1410
12.7561 0 469.236 1420
12.8459 0 472.54 1430
12.9357 0 475.845 1440
13.0256 0 479.149 1450
13.1154 0 482.453 1460
13.2052 0 485.758 1470
13.2951 0 489.062 1480
13.3849 0 492.366 1490
13.4747 0 495.671 1500
13.5646 0 498.975 1510
13.6544 0 502.28 1520
13.7442 0 505.584 1530
13.8341 0 508.889 1540
13.9239 0 512.193 1550
14.0137 0 515.497 1560
14.1035 0 518.802 1570
14.1934 0 522.106 1580
14.2832 0 525.41 1590
14.373 0 528.715 1600
14.4629 0 532.019 1610
14.5527 0 535.323 1620
14.6425 0 538.628 1630
14.7324 0 541.932 1640
14.8222 0 545.237 1650
14.912 0 548.541 1660
15.0019 0 551.845 1670
15.0917 0 555.15 1680
15.1815 0 558.454 1690
15.2714 0 561.758 1700
15.3612 0 565.063 1710
15.451 0 568.367 1720
15.5409 0 571.672 1730
15.6307 0 574.976 1740
15.7205 0 578.28 1750
15.8103 0 581.585 1760
15.9002 0 584.889 1770
15.99 0 588.193 1780
16.0798 0 591.498 1790
16.1697 0 594.802 1800
16.2595 0 598.106 1810
16.3493 0 601.411 1820
16.4392 0 604.715 1830
16.529 0 608.019 1840
16.6188 0 611.324 1850
16.7087 0 614.628 1860
16.7985 0 617.932 1870
16.8883 0 621.237 1880
16.9782 0 624.541 1890
17.068 0 627.845 1900
17.1578 0 631.15 1910
17.2477 0 634.454 1920
17.3375 0 637.758 1930
17.4273 0 641.063 1940
17.5171 0 644.367 1950
17.607 0 647.671 1960
17.6968 0 650.976 1970
17.7866 0 654.28 1980
17.8765 0 657.584 1990
