0.898315 0 9.21196e-07 100
0.988147 0 8.77596e-07 110
1.07798 0 8.41025e-07 120
1.16781 0 8.0815e-07 130
1.25764 0 7.78191e-07 140
1.34747 0 7.5134e-07 150
1.4373 0 7.27091e-07 160
1.52714 0 7.05112e-07 170
1.61697 0 6.8514e-07 180
1.7068 0 6.6693e-07 190
1.79663 0 6.50243e-07 200
1.88646 0 6.34844e-07 210
1.97629 0 6.2052e-07 220
2.06613 0 6.07086e-07 230
2.15596 0 5.94398e-07 240
2.24579 0 5.82358e-07 250
2.33562 0 5.70914e-07 260
2.42545 0 5.60047e-07 270
2.51528 0 5.49756e-07 280
2.60511 0 5.40044e-07 290
2.69495 0 5.30898e-07 300
2.78478 0 5.22285e-07 310
2.87461 0 5.14154e-07 320
2.96444 0 5.06438e-07 330
3.05427 0 4.99068e-07 340
3.1441 0 4.91983e-07 350
3.23394 0 4.8514e-07 360
3.32377 0 4.78516e-07 370
3.4136 0 4.72106e-07 380
3.50343 0 4.6592e-07 390
3.59326 0 4.59971e-07 400
3.68309 0 4.54268e-07 410
3.77292 0 4.4881e-07 420
3.86276 0 4.43583e-07 430
3.95259 0 4.38563e-07 440
4.04242 0 4.33722e-07 450
4.13225 0 4.29031e-07 460
4.22208 0 4.24469e-07 470
4.31191 0 4.20023e-07 480
4.40174 0 4.15689e-07 490
4.49158 0 4.11471e-07 500
4.58141 0 4.07376e-07 510
4.67124 0 4.0341e-07 520
4.76107 0 3.99574e-07 530
4.8509 0 3.95865e-07 540
4.94073 0 3.92271e-07 550
5.03057 0 3.88779e-07 560
5.1204 0 3.85376e-07 570
5.21023 0 3.82051e-07 580
5.30006 0 3.78796e-07 590
5.38989 0 3.7561e-07 600
5.47972 0 3.72496e-07 610
5.56955 0 3.69457e-07 620
5.65939 0 3.66497e-07 630
5.74922 0 3.63616e-07 640
5.83905 0 3.60813e-07 650
5.92888 0 3.58082e-07 660
6.01871 0 3.55414e-07 670
6.10854 0 3.52804e-07 680
6.19838 0 3.50244e-07 690
6.28821 0 3.4773e-07 700
6.37804 0 3.45262e-07 710
6.46787 0 3.42841e-07 720
6.5577 0 3.40469e-07 730
6.64753 0 3.38149e-07 740
6.73736 0 3.35881e-07 750
6.8272 0 3.33665e-07 760
6.91703 0 3.31498e-07 770
7.00686 0 3.29374e-07 780
7.09669 0 3.2729e-07 790
7.18652 0 3.25242e-07 800
7.27635 0 3.23227e-07 810
7.36619 0 3.21243e-07 820
7.45602 0 3.19293e-07 830
7.54585 0 3.17377e-07 840
7.63568 0 3.15496e-07 850
7.72551 0 3.13651e-07 860
7.81534 0 3.11841e-07 870
7.90517 0 3.10066e-07 880
7.99501 0 3.08322e-07 890
8.08484 0 3.06607e-07 900
8.17467 0 3.04919e-07 910
8.2645 0 3.03257e-07 920
8.35433 0 3.01618e-07 930
8.44416 0 3.00004e-07 940
8.534 0 2.98415e-07 950
8.62383 0 2.96851e-07 960
8.71366 0 2.95312e-07 970
8.80349 0 2.93799e-07 980
8.89332 0 2.9231e-07 990
8.98315 0 2.90845e-07 1000
9.07298 0 2.89402e-07 1010
9.16282 0 2.87979e-07 1020
9.25265 0 2.86576e-07 1030
9.34248 0 2.85192e-07 1040
9.43231 0 2.83827e-07 1050
9.52214 0 2.82481e-07 1060
9.61197 0 2.81154e-07 1070
9.70181 0 2.79846e-07 1080
9.79164 0 2.78557e-07 1090
9.88147 0 2.77286e-07 1100
9.9713 0 2.76032e-07 1110
10.0611 0 2.74796e-07 1120
10.151 0 2.73575e-07 1130
10.2408 0 2.72371e-07 1140
10.3306 0 2.71181e-07 1150
10.4205 0 2.70007e-07 1160
10.5103 0 2.68847e-07 1170
10.6001 0 2.67702e-07 1180
10.69 0 2.66572e-07 1190
10.7798 0 2.65456e-07 1200
10.8696 0 2.64355e-07 1210
10.9594 0 2.63267e-07 1220
11.0493 0 2.62193e-07 1230
11.1391 0 2.61131e-07 1240
11.2289 0 2.60082e-07 1250
11.3188 0 2.59045e-07 1260
11.4086 0 2.5802e-07 1270
11.4984 0 2.57007e-07 1280
11.5883 0 2.56006e-07 1290
11.6781 0 2.55017e-07 1300
11.7679 0 2.54039e-07 1310
11.8578 0 2.53073e-07 1320
11.9476 0 2.52117e-07 1330
12.0374 0 2.51172e-07 1340
12.1273 0 2.50237e-07 1350
12.2171 0 2.49313e-07 1360
12.3069 0 2.48399e-07 1370
12.3968 0 2.47494e-07 1380
12.4866 0 2.466e-07 1390
12.5764 0 2.45715e-07 1400
12.6662 0 2.44839e-07 1410
12.7561 0 2.43973e-07 1420
12.8459 0 2.43116e-07 1430
12.9357 0 2.42267e-07 1440
13.0256 0 2.41428e-07 1450
13.1154 0 2.40597e-07 1460
13.2052 0 2.39774e-07 1470
13.2951 0 2.3896e-07 1480
13.3849 0 2.38154e-07 1490
13.4747 0 2.37356e-07 1500
13.5646 0 2.36566e-07 1510
13.6544 0 2.35784e-07 1520
13.7442 0 2.3501e-07 1530
13.8341 0 2.34243e-07 1540
13.9239 0 2.33483e-07 1550
14.0137 0 2.32731e-07 1560
14.1035 0 2.31986e-07 1570
14.1934 0 2.31248e-07 1580
14.2832 0 2.30517e-07 1590
14.373 0 2.29792e-07 1600
14.4629 0 2.29075e-07 1610
14.5527 0 2.28364e-07 1620
14.6425 0 2.2766e-07 1630
14.7324 0 2.26962e-07 1640
14.8222 0 2.2627e-07 1650
14.912 0 2.25585e-07 1660
15.0019 0 2.24906e-07 1670
15.0917 0 2.24233e-07 1680
15.1815 0 2.23565e-07 1690
15.2714 0 2.22904e-07 1700
15.3612 0 2.22249e-07 1710
15.451 0 2.21599e-07 1720
15.5409 0 2.20955e-07 1730
15.6307 0 2.20316e-07 1740
15.7205 0 2.19683e-07 1750
15.8103 0 2.19055e-07 1760
15.9002 0 2.18433e-07 1770
15.99 0 2.17816e-07 1780
16.0798 0 2.17204e-07 1790
16.1697 0 2.16597e-07 1800
16.2595 0 2.15995e-07 1810
16.3493 0 2.15398e-07 1820
16.4392 0 2.14806e-07 1830
16.529 0 2.14218e-07 1840
16.6188 0 2.13636e-07 1850
16.7087 0 2.13058e-07 1860
16.7985 0 2.12485e-07 1870
16.8883 0 2.11916e-07 1880
16.9782 0 2.11352e-07 1890
17.068 0 2.10792e-07 1900
17.1578 0 2.10237e-07 1910
17.2477 0 2.09686e-07 1920
17.3375 0 2.09139e-07 1930
17.4273 0 2.08597e-07 1940
17.5171 0 2.08059e-07 1950
17.607 0 2.07524e-07 1960
17.6968 0 2.06994e-07 1970
17.7866 0 2.06468e-07 1980
17.8765 0 2.05946e-07 1990
