0.898315 0 33.0431 100
0.988147 0 36.3436 110
1.07798 0 39.6326 120
1.16781 0 42.9335 130
1.25764 0 46.2471 140
1.34747 0 49.5596 150
1.4373 0 52.8731 160
1.52714 0 56.1865 170
1.61697 0 59.4972 180
1.7068 0 62.8035 190
1.79663 0 66.1048 200
1.88646 0 69.4014 210
1.97629 0 72.6953 220
2.06613 0 75.9891 230
2.15596 0 79.2857 240
2.24579 0 82.5874 250
2.33562 0 85.895 260
2.42545 0 89.2079 270
2.51528 0 92.5237 280
2.60511 0 95.8395 290
2.69495 0 99.152 300
2.78478 0 102.459 310
2.87461 0 105.76 320
2.96444 0 109.057 330
3.05427 0 112.35 340
3.1441 0 115.644 350
3.23394 0 118.942 360
3.32377 0 122.244 370
3.4136 0 125.551 380
3.50343 0 128.863 390
3.59326 0 132.177 400
3.68309 0 135.49 410
3.77292 0 138.801 420
3.86276 0 142.106 430
3.95259 0 145.408 440
4.04242 0 148.706 450
4.13225 0 152.003 460
4.22208 0 155.301 470
4.31191 0 158.601 480
4.40174 0 161.905 490
4.49158 0 165.212 500
4.58141 0 168.522 510
4.67124 0 171.832 520
4.76107 0 175.141 530
4.8509 0 178.448 540
4.94073 0 181.752 550
5.03057 0 185.054 560
5.1204 0 188.355 570
5.21023 0 191.655 580
5.30006 0 194.956 590
5.38989 0 198.26 600
5.47972 0 201.565 610
5.56955 0 204.872 620
5.65939 0 208.18 630
5.74922 0 211.487 640
5.83905 0 214.793 650
5.92888 0 218.097 660
6.01871 0 221.4 670
6.10854 0 224.703 680
6.19838 0 228.005 690
6.28821 0 231.308 700
6.37804 0 234.612 710
6.46787 0 237.917 720
6.5577 0 241.223 730
6.64753 0 244.529 740
6.73736 0 247.835 750
6.8272 0 251.14 760
6.91703 0 254.445 770
7.00686 0 257.748 780
7.09669 0 261.051 790
7.18652 0 264.354 800
7.27635 0 267.657 810
7.36619 0 270.962 820
7.45602 0 274.267 830
7.54585 0 277.572 840
7.63568 0 280.878 850
7.72551 0 284.183 860
7.81534 0 287.488 870
7.90517 0 290.793 880
7.99501 0 294.096 890
8.08484 0 297.4 900
8.17467 0 300.703 910
8.2645 0 304.007 920
8.35433 0 307.311 930
8.44416 0 310.616 940
8.534 0 313.921 950
8.62383 0 317.226 960
8.71366 0 320.531 970
8.80349 0 323.836 980
8.89332 0 327.141 990
8.98315 0 330.445 1000
9.07298 0 333.749 1010
9.16282 0 337.053 1020
9.25265 0 340.357 1030
9.34248 0 343.661 1040
9.43231 0 346.965 1050
9.52214 0 350.27 1060
9.61197 0 353.575 1070
9.70181 0 356.88 1080
9.79164 0 360.184 1090
9.88147 0 363.489 1100
9.9713 0 366.793 1110
10.0611 0 370.097 1120
10.151 0 373.401 1130
10.2408 0 376.706 1140
10.3306 0 380.01 1150
10.4205 0 383.314 1160
10.5103 0 386.619 1170
10.6001 0 389.924 1180
10.69 0 393.228 1190
10.7798 0 396.533 1200
10.8696 0 399.837 1210
10.9594 0 403.141 1220
11.0493 0 406.446 1230
11.1391 0 409.75 1240
11.2289 0 413.054 1250
11.3188 0 416.359 1260
11.4086 0 419.663 1270
11.4984 0 422.968 1280
11.5883 0 426.272 1290
11.6781 0 429.577 1300
11.7679 0 432.881 1310
11.8578 0 436.185 1320
11.9476 0 439.49 1330
12.0374 0 442.794 1340
12.1273 0 446.099 1350
12.2171 0 449.403 1360
12.3069 0 452.707 1370
12.3968 0 456.012 1380
12.4866 0 459.316 1390
12.5764 0 462.621 1400
12.6662 0 465.925 1410
12.7561 0 469.229 1420
12.8459 0 472.534 1430
12.9357 0 475.838 1440
13.0256 0 479.143 1450
13.1154 0 482.447 1460
13.2052 0 485.751 1470
13.2951 0 489.056 1480
13.3849 0 492.36 1490
13.4747 0 495.664 1500
13.5646 0 498.969 1510
13.6544 0 502.273 1520
13.7442 0 505.578 1530
13.8341 0 508.882 1540
13.9239 0 512.186 1550
14.0137 0 515.491 1560
14.1035 0 518.795 1570
14.1934 0 522.1 1580
14.2832 0 525.404 1590
14.373 0 528.708 1600
14.4629 0 532.013 1610
14.5527 0 535.317 1620
14.6425 0 538.621 1630
14.7324 0 541.926 1640
14.8222 0 545.23 1650
14.912 0 548.535 1660
15.0019 0 551.839 1670
15.0917 0 555.143 1680
15.1815 0 558.448 1690
15.2714 0 561.752 1700
15.3612 0 565.056 1710
15.451 0 568.361 1720
15.5409 0 571.665 1730
15.6307 0 574.97 1740
15.7205 0 578.274 1750
15.8103 0 581.578 1760
15.9002 0 584.883 1770
15.99 0 588.187 1780
16.0798 0 591.491 1790
16.1697 0 594.796 1800
16.2595 0 598.1 1810
16.3493 0 601.404 1820
16.4392 0 604.709 1830
16.529 0 608.013 1840
16.6188 0 611.317 1850
16.7087 0 614.622 1860
16.7985 0 617.926 1870
16.8883 0 621.23 1880
16.9782 0 624.535 1890
17.068 0 627.839 1900
17.1578 0 631.143 1910
17.2477 0 634.448 1920
17.3375 0 637.752 1930
17.4273 0 641.056 1940
17.5171 0 644.361 1950
17.607 0 647.665 1960
17.6968 0 650.969 1970
17.7866 0 654.274 1980
17.8765 0 657.578 1990
