  
 Model:
  LAYER     H(km)     Vp(km/s)     Vs(km/s)  Density     QA(inv)     QB(inv)
    1     2.00000     5.80000     3.46000     2.72000     0.00000     0.00000
    2     2.00000     5.80000     3.46000     2.72000     0.00000     0.00000
    3     2.00000     5.80000     3.46000     2.72000     0.00000     0.00000
    4     2.00000     5.80000     3.46000     2.72000     0.00000     0.00000
    5     2.00000     5.80000     3.46000     2.72000     0.00000     0.00000
    6     2.00000     5.80000     3.46000     2.72000     0.00000     0.00000
    7     2.00000     5.80000     3.46000     2.72000     0.00000     0.00000
    8     2.00000     5.80000     3.46000     2.72000     0.00000     0.00000
    9     2.00000     5.80000     3.46000     2.72000     0.00000     0.00000
   10     2.00000     5.80000     3.46000     2.72000     0.00000     0.00000
   11     2.00000     6.15000     3.65500     2.82000     0.00000     0.00000
   12     2.00000     6.50000     3.85000     2.92000     0.00000     0.00000
   13     2.00000     6.50000     3.85000     2.92000     0.00000     0.00000
   14     2.00000     6.50000     3.85000     2.92000     0.00000     0.00000
   15     2.00000     6.50000     3.85000     2.92000     0.00000     0.00000
   16     2.00000     6.50000     3.85000     2.92000     0.00000     0.00000
   17     2.00000     6.50000     3.85000     2.92000     0.00000     0.00000
   18     2.00000     7.27125     4.16750     3.12630     0.00000     0.00000
   19     2.00000     8.04250     4.48500     3.33260     0.00000     0.00000
   20     2.00000     8.04250     4.48500     3.33260     0.00000     0.00000
   21     2.00000     8.04250     4.48500     3.33260     0.00000     0.00000
   22     2.00000     8.04250     4.48500     3.33260     0.00000     0.00000
   23     2.00000     8.04250     4.48500     3.33260     0.00000     0.00000
   24     2.00000     8.04250     4.48500     3.33260     0.00000     0.00000
   25     2.00000     8.04250     4.48500     3.33260     0.00000     0.00000
   26     2.00000     8.04250     4.48500     3.33260     0.00000     0.00000
   27     2.00000     8.04250     4.48500     3.33260     0.00000     0.00000
   28     2.00000     8.04250     4.48500     3.33260     0.00000     0.00000
   29     2.00000     8.04250     4.48500     3.33260     0.00000     0.00000
   30     2.00000     8.04250     4.48500     3.33260     0.00000     0.00000
   31     2.00000     8.04250     4.48500     3.33260     0.00000     0.00000
   32     2.00000     8.04250     4.48500     3.33260     0.00000     0.00000
   33     2.00000     8.04250     4.48500     3.33260     0.00000     0.00000
   34     2.00000     8.04250     4.48500     3.33260     0.00000     0.00000
   35     2.00000     8.04250     4.48500     3.33260     0.00000     0.00000
   36     2.00000     8.04250     4.48500     3.33260     0.00000     0.00000
   37     2.00000     8.04250     4.48500     3.33260     0.00000     0.00000
   38     2.00000     8.04250     4.48500     3.33260     0.00000     0.00000
   39     2.00000     8.04500     4.49000     3.34550     0.00000     0.00000
   40     2.00000     8.04750     4.49500     3.35840     0.00000     0.00000
   41     2.00000     8.04750     4.49500     3.35840     0.00000     0.00000
   42     2.00000     8.04750     4.49500     3.35840     0.00000     0.00000
   43     2.00000     8.04750     4.49500     3.35840     0.00000     0.00000
   44     2.00000     8.04750     4.49500     3.35840     0.00000     0.00000
   45     2.00000     8.04750     4.49500     3.35840     0.00000     0.00000
   46     2.00000     8.04750     4.49500     3.35840     0.00000     0.00000
   47     2.00000     8.04750     4.49500     3.35840     0.00000     0.00000
   48     2.00000     8.04750     4.49500     3.35840     0.00000     0.00000
   49     2.00000     8.04750     4.49500     3.35840     0.00000     0.00000
   50     2.00000     8.04750     4.49500     3.35840     0.00000     0.00000
   51     2.00000     8.04750     4.49500     3.35840     0.00000     0.00000
   52     2.00000     8.04750     4.49500     3.35840     0.00000     0.00000
   53     2.00000     8.04750     4.49500     3.35840     0.00000     0.00000
   54     2.00000     8.04750     4.49500     3.35840     0.00000     0.00000
   55     2.00000     8.04750     4.49500     3.35840     0.00000     0.00000
   56     2.00000     8.04750     4.49500     3.35840     0.00000     0.00000
   57     2.00000     8.04750     4.49500     3.35840     0.00000     0.00000
   58     2.00000     8.04750     4.49500     3.35840     0.00000     0.00000
   59     2.00000     8.04750     4.49500     3.35840     0.00000     0.00000
   60     2.00000     8.04750     4.49500     3.35840     0.00000     0.00000
   61     2.00000     8.07990     4.49975     3.37870     0.00000     0.00000
   62     2.00000     8.11230     4.50450     3.39900     0.00000     0.00000
   63     2.00000     8.11230     4.50450     3.39900     0.00000     0.00000
   64     2.00000     8.11230     4.50450     3.39900     0.00000     0.00000
   65     2.00000     8.11230     4.50450     3.39900     0.00000     0.00000
   66     2.00000     8.11230     4.50450     3.39900     0.00000     0.00000
   67     2.00000     8.11230     4.50450     3.39900     0.00000     0.00000
   68     2.00000     8.11230     4.50450     3.39900     0.00000     0.00000
   69     2.00000     8.11230     4.50450     3.39900     0.00000     0.00000
   70     2.00000     8.11230     4.50450     3.39900     0.00000     0.00000
   71     2.00000     8.11230     4.50450     3.39900     0.00000     0.00000
   72     2.00000     8.11230     4.50450     3.39900     0.00000     0.00000
   73     2.00000     8.11230     4.50450     3.39900     0.00000     0.00000
   74     2.00000     8.11230     4.50450     3.39900     0.00000     0.00000
   75     2.00000     8.11230     4.50450     3.39900     0.00000     0.00000
   76     2.00000     8.11230     4.50450     3.39900     0.00000     0.00000
   77     2.00000     8.11230     4.50450     3.39900     0.00000     0.00000
   78     2.00000     8.11230     4.50450     3.39900     0.00000     0.00000
   79     2.00000     8.11230     4.50450     3.39900     0.00000     0.00000
   80     2.00000     8.11230     4.50450     3.39900     0.00000     0.00000
   81     2.00000     8.11230     4.50450     3.39900     0.00000     0.00000
   82     2.00000     8.11230     4.50450     3.39900     0.00000     0.00000
   83     2.00000     8.17485     4.50910     3.37335     0.00000     0.00000
   84     2.00000     8.23740     4.51370     3.34770     0.00000     0.00000
   85     2.00000     8.23740     4.51370     3.34770     0.00000     0.00000
   86     2.00000     8.23740     4.51370     3.34770     0.00000     0.00000
   87     2.00000     8.23740     4.51370     3.34770     0.00000     0.00000
   88     2.00000     8.23740     4.51370     3.34770     0.00000     0.00000
   89     2.00000     8.23740     4.51370     3.34770     0.00000     0.00000
   90     2.00000     8.23740     4.51370     3.34770     0.00000     0.00000
   91     2.00000     8.23740     4.51370     3.34770     0.00000     0.00000
   92     2.00000     8.23740     4.51370     3.34770     0.00000     0.00000
   93     2.00000     8.23740     4.51370     3.34770     0.00000     0.00000
   94     2.00000     8.23740     4.51370     3.34770     0.00000     0.00000
   95     2.00000     8.23740     4.51370     3.34770     0.00000     0.00000
   96     2.00000     8.23740     4.51370     3.34770     0.00000     0.00000
   97     2.00000     8.23740     4.51370     3.34770     0.00000     0.00000
   98     2.00000     8.23740     4.51370     3.34770     0.00000     0.00000
   99     2.00000     8.23740     4.51370     3.34770     0.00000     0.00000
  100     2.00000     8.23740     4.51370     3.34770     0.00000     0.00000
  101     2.00000     8.23740     4.51370     3.34770     0.00000     0.00000
  102     2.00000     8.23740     4.51370     3.34770     0.00000     0.00000
  103     2.00000     8.23740     4.51370     3.34770     0.00000     0.00000
  104     2.00000     8.23740     4.51370     3.34770     0.00000     0.00000
  105     2.00000     8.23740     4.51370     3.34770     0.00000     0.00000
  106     2.00000     8.31395     4.53855     3.34650     0.00000     0.00000
  107     2.00000     8.39050     4.56340     3.34530     0.00000     0.00000
  108     2.00000     8.39050     4.56340     3.34530     0.00000     0.00000
  109     2.00000     8.39050     4.56340     3.34530     0.00000     0.00000
  110     2.00000     8.39050     4.56340     3.34530     0.00000     0.00000
  111     2.00000     8.39050     4.56340     3.34530     0.00000     0.00000
  112     2.00000     8.39050     4.56340     3.34530     0.00000     0.00000
  113     2.00000     8.39050     4.56340     3.34530     0.00000     0.00000
  114     2.00000     8.39050     4.56340     3.34530     0.00000     0.00000
  115     2.00000     8.39050     4.56340     3.34530     0.00000     0.00000
  116     2.00000     8.39050     4.56340     3.34530     0.00000     0.00000
  117     2.00000     8.39050     4.56340     3.34530     0.00000     0.00000
  118     2.00000     8.39050     4.56340     3.34530     0.00000     0.00000
  119     2.00000     8.39050     4.56340     3.34530     0.00000     0.00000
  120     2.00000     8.39050     4.56340     3.34530     0.00000     0.00000
  121     2.00000     8.39050     4.56340     3.34530     0.00000     0.00000
  122     2.00000     8.39050     4.56340     3.34530     0.00000     0.00000
  123     2.00000     8.39050     4.56340     3.34530     0.00000     0.00000
  124     2.00000     8.39050     4.56340     3.34530     0.00000     0.00000
  125     2.00000     8.39050     4.56340     3.34530     0.00000     0.00000
  126     2.00000     8.39050     4.56340     3.34530     0.00000     0.00000
  127     2.00000     8.39050     4.56340     3.34530     0.00000     0.00000
  128     2.00000     8.39050     4.56340     3.34530     0.00000     0.00000
  129     2.00000     8.39050     4.56340     3.34530     0.00000     0.00000
  130     2.00000     8.39050     4.56340     3.34530     0.00000     0.00000
  131     2.00000     8.48155     4.60795     3.36695     0.00000     0.00000
  132     2.00000     8.57260     4.65250     3.38860     0.00000     0.00000
  133     2.00000     8.57260     4.65250     3.38860     0.00000     0.00000
  134     2.00000     8.57260     4.65250     3.38860     0.00000     0.00000
  135     2.00000     8.57260     4.65250     3.38860     0.00000     0.00000
  136     2.00000     8.57260     4.65250     3.38860     0.00000     0.00000
  137     2.00000     8.57260     4.65250     3.38860     0.00000     0.00000
  138     2.00000     8.57260     4.65250     3.38860     0.00000     0.00000
  139     2.00000     8.57260     4.65250     3.38860     0.00000     0.00000
  140     2.00000     8.57260     4.65250     3.38860     0.00000     0.00000
  141     2.00000     8.57260     4.65250     3.38860     0.00000     0.00000
  142     2.00000     8.57260     4.65250     3.38860     0.00000     0.00000
  143     2.00000     8.57260     4.65250     3.38860     0.00000     0.00000
  144     2.00000     8.57260     4.65250     3.38860     0.00000     0.00000
  145     2.00000     8.57260     4.65250     3.38860     0.00000     0.00000
  146     2.00000     8.57260     4.65250     3.38860     0.00000     0.00000
  147     2.00000     8.57260     4.65250     3.38860     0.00000     0.00000
  148     2.00000     8.57260     4.65250     3.38860     0.00000     0.00000
  149     2.00000     8.57260     4.65250     3.38860     0.00000     0.00000
  150     2.00000     8.57260     4.65250     3.38860     0.00000     0.00000
  151     2.00000     8.57260     4.65250     3.38860     0.00000     0.00000
  152     2.00000     8.57260     4.65250     3.38860     0.00000     0.00000
  153     2.00000     8.57260     4.65250     3.38860     0.00000     0.00000
  154     2.00000     8.57260     4.65250     3.38860     0.00000     0.00000
  155     2.00000     8.57260     4.65250     3.38860     0.00000     0.00000
  156     2.00000     8.66395     4.69595     3.41150     0.00000     0.00000
  157     2.00000     8.75530     4.73940     3.43440     0.00000     0.00000
  158     2.00000     8.75530     4.73940     3.43440     0.00000     0.00000
  159     2.00000     8.75530     4.73940     3.43440     0.00000     0.00000
  160     2.00000     8.75530     4.73940     3.43440     0.00000     0.00000
  161     2.00000     8.75530     4.73940     3.43440     0.00000     0.00000
  162     2.00000     8.75530     4.73940     3.43440     0.00000     0.00000
  163     2.00000     8.75530     4.73940     3.43440     0.00000     0.00000
  164     2.00000     8.75530     4.73940     3.43440     0.00000     0.00000
  165     2.00000     8.75530     4.73940     3.43440     0.00000     0.00000
  166     2.00000     8.75530     4.73940     3.43440     0.00000     0.00000
  167     2.00000     8.75530     4.73940     3.43440     0.00000     0.00000
  168     2.00000     8.75530     4.73940     3.43440     0.00000     0.00000
  169     2.00000     8.75530     4.73940     3.43440     0.00000     0.00000
  170     2.00000     8.75530     4.73940     3.43440     0.00000     0.00000
  171     2.00000     8.75530     4.73940     3.43440     0.00000     0.00000
  172     2.00000     8.75530     4.73940     3.43440     0.00000     0.00000
  173     2.00000     8.75530     4.73940     3.43440     0.00000     0.00000
  174     2.00000     8.75530     4.73940     3.43440     0.00000     0.00000
  175     2.00000     8.75530     4.73940     3.43440     0.00000     0.00000
  176     2.00000     8.75530     4.73940     3.43440     0.00000     0.00000
  177     2.00000     8.75530     4.73940     3.43440     0.00000     0.00000
  178     2.00000     8.75530     4.73940     3.43440     0.00000     0.00000
  179     2.00000     8.75530     4.73940     3.43440     0.00000     0.00000
  180     2.00000     8.75530     4.73940     3.43440     0.00000     0.00000
  181     2.00000     8.84665     4.78285     3.45830     0.00000     0.00000
  182     2.00000     8.93800     4.82630     3.48220     0.00000     0.00000
  183     2.00000     8.93800     4.82630     3.48220     0.00000     0.00000
  184     2.00000     8.93800     4.82630     3.48220     0.00000     0.00000
  185     2.00000     8.93800     4.82630     3.48220     0.00000     0.00000
  186     2.00000     8.93800     4.82630     3.48220     0.00000     0.00000
  187     2.00000     8.93800     4.82630     3.48220     0.00000     0.00000
  188     2.00000     8.93800     4.82630     3.48220     0.00000     0.00000
  189     2.00000     8.93800     4.82630     3.48220     0.00000     0.00000
  190     2.00000     8.93800     4.82630     3.48220     0.00000     0.00000
  191     2.00000     8.93800     4.82630     3.48220     0.00000     0.00000
  192     2.00000     8.93800     4.82630     3.48220     0.00000     0.00000
  193     2.00000     8.93800     4.82630     3.48220     0.00000     0.00000
  194     2.00000     8.93800     4.82630     3.48220     0.00000     0.00000
  195     2.00000     8.93800     4.82630     3.48220     0.00000     0.00000
  196     2.00000     8.93800     4.82630     3.48220     0.00000     0.00000
  197     2.00000     8.93800     4.82630     3.48220     0.00000     0.00000
  198     2.00000     8.93800     4.82630     3.48220     0.00000     0.00000
  199     2.00000     8.93800     4.82630     3.48220     0.00000     0.00000
  200     2.00000     8.93800     4.82630     3.48220     0.00000     0.00000


                   LOVE WAVE        MODE #  0
        T = 0.2500E+02 C =    0.3977E+01 U   = 0.3480E+01
        AL= 0.4869E-03 GAMMA= 0.0000E+00 ZREF= 0.0000E+00
    M       UT         TT       DC/DH      DC/DB      DC/DR
    1   0.100E+01  0.000E+00 -0.203E-01  0.728E-01 -0.148E-01
    2   0.997E+00 -0.835E-01 -0.203E-01  0.723E-01 -0.145E-01
    3   0.990E+00 -0.167E+00 -0.203E-01  0.713E-01 -0.139E-01
    4   0.977E+00 -0.249E+00 -0.203E-01  0.698E-01 -0.130E-01
    5   0.959E+00 -0.330E+00 -0.203E-01  0.679E-01 -0.119E-01
    6   0.937E+00 -0.409E+00 -0.203E-01  0.656E-01 -0.105E-01
    7   0.909E+00 -0.486E+00 -0.203E-01  0.629E-01 -0.888E-02
    8   0.877E+00 -0.561E+00 -0.203E-01  0.599E-01 -0.709E-02
    9   0.840E+00 -0.632E+00 -0.203E-01  0.567E-01 -0.515E-02
   10   0.799E+00 -0.701E+00 -0.203E-01  0.533E-01 -0.310E-02
   11   0.754E+00 -0.766E+00 -0.152E-01  0.517E-01  0.521E-03
   12   0.712E+00 -0.806E+00 -0.101E-01  0.496E-01  0.324E-02
   13   0.675E+00 -0.822E+00 -0.101E-01  0.455E-01  0.363E-02
   14   0.636E+00 -0.838E+00 -0.101E-01  0.415E-01  0.401E-02
   15   0.597E+00 -0.852E+00 -0.101E-01  0.377E-01  0.437E-02
   16   0.558E+00 -0.865E+00 -0.101E-01  0.340E-01  0.472E-02
   17   0.517E+00 -0.878E+00 -0.101E-01  0.306E-01  0.504E-02
   18   0.477E+00 -0.889E+00 -0.493E-02  0.280E-01  0.570E-02
   19   0.444E+00 -0.872E+00 -0.221E-04  0.262E-01  0.621E-02
   20   0.419E+00 -0.822E+00 -0.221E-04  0.233E-01  0.553E-02
   21   0.395E+00 -0.776E+00 -0.221E-04  0.207E-01  0.492E-02
   22   0.373E+00 -0.732E+00 -0.221E-04  0.184E-01  0.438E-02
   23   0.351E+00 -0.690E+00 -0.221E-04  0.164E-01  0.389E-02
   24   0.331E+00 -0.651E+00 -0.221E-04  0.146E-01  0.346E-02
   25   0.313E+00 -0.615E+00 -0.221E-04  0.130E-01  0.308E-02
   26   0.295E+00 -0.580E+00 -0.221E-04  0.115E-01  0.274E-02
   27   0.278E+00 -0.547E+00 -0.221E-04  0.103E-01  0.244E-02
   28   0.262E+00 -0.516E+00 -0.221E-04  0.912E-02  0.217E-02
   29   0.247E+00 -0.487E+00 -0.221E-04  0.811E-02  0.193E-02
   30   0.233E+00 -0.460E+00 -0.221E-04  0.722E-02  0.172E-02
   31   0.220E+00 -0.434E+00 -0.221E-04  0.642E-02  0.153E-02
   32   0.207E+00 -0.409E+00 -0.221E-04  0.570E-02  0.136E-02
   33   0.195E+00 -0.386E+00 -0.221E-04  0.507E-02  0.121E-02
   34   0.184E+00 -0.365E+00 -0.221E-04  0.451E-02  0.108E-02
   35   0.173E+00 -0.344E+00 -0.221E-04  0.401E-02  0.958E-03
   36   0.163E+00 -0.325E+00 -0.221E-04  0.356E-02  0.852E-03
   37   0.154E+00 -0.307E+00 -0.221E-04  0.316E-02  0.758E-03
   38   0.145E+00 -0.290E+00 -0.221E-04  0.281E-02  0.675E-03
   39   0.137E+00 -0.273E+00 -0.114E-04  0.251E-02  0.600E-03
   40   0.129E+00 -0.258E+00 -0.180E-05  0.223E-02  0.534E-03
   41   0.122E+00 -0.243E+00 -0.180E-05  0.198E-02  0.474E-03
   42   0.115E+00 -0.229E+00 -0.180E-05  0.176E-02  0.422E-03
   43   0.108E+00 -0.216E+00 -0.180E-05  0.157E-02  0.375E-03
   44   0.102E+00 -0.204E+00 -0.180E-05  0.139E-02  0.333E-03
   45   0.959E-01 -0.192E+00 -0.180E-05  0.124E-02  0.296E-03
   46   0.904E-01 -0.181E+00 -0.180E-05  0.110E-02  0.263E-03
   47   0.852E-01 -0.171E+00 -0.180E-05  0.977E-03  0.234E-03
   48   0.803E-01 -0.161E+00 -0.180E-05  0.868E-03  0.208E-03
   49   0.757E-01 -0.152E+00 -0.180E-05  0.771E-03  0.185E-03
   50   0.714E-01 -0.144E+00 -0.180E-05  0.685E-03  0.164E-03
   51   0.673E-01 -0.135E+00 -0.180E-05  0.609E-03  0.146E-03
   52   0.634E-01 -0.128E+00 -0.180E-05  0.541E-03  0.130E-03
   53   0.597E-01 -0.120E+00 -0.180E-05  0.480E-03  0.115E-03
   54   0.563E-01 -0.114E+00 -0.180E-05  0.427E-03  0.103E-03
   55   0.530E-01 -0.107E+00 -0.180E-05  0.379E-03  0.912E-04
   56   0.500E-01 -0.101E+00 -0.180E-05  0.337E-03  0.811E-04
   57   0.471E-01 -0.954E-01 -0.180E-05  0.299E-03  0.721E-04
   58   0.443E-01 -0.900E-01 -0.180E-05  0.265E-03  0.641E-04
   59   0.418E-01 -0.849E-01 -0.180E-05  0.236E-03  0.569E-04
   60   0.393E-01 -0.802E-01 -0.180E-05  0.209E-03  0.506E-04
   61   0.370E-01 -0.757E-01 -0.846E-06  0.186E-03  0.449E-04
   62   0.349E-01 -0.714E-01 -0.130E-09  0.166E-03  0.398E-04
   63   0.329E-01 -0.673E-01 -0.130E-09  0.148E-03  0.353E-04
   64   0.310E-01 -0.634E-01 -0.130E-09  0.131E-03  0.314E-04
   65   0.292E-01 -0.597E-01 -0.130E-09  0.116E-03  0.279E-04
   66   0.275E-01 -0.563E-01 -0.130E-09  0.103E-03  0.247E-04
   67   0.259E-01 -0.531E-01 -0.130E-09  0.918E-04  0.220E-04
   68   0.244E-01 -0.500E-01 -0.130E-09  0.815E-04  0.195E-04
   69   0.230E-01 -0.471E-01 -0.130E-09  0.724E-04  0.173E-04
   70   0.217E-01 -0.444E-01 -0.130E-09  0.643E-04  0.154E-04
   71   0.204E-01 -0.418E-01 -0.130E-09  0.571E-04  0.137E-04
   72   0.193E-01 -0.394E-01 -0.130E-09  0.507E-04  0.121E-04
   73   0.182E-01 -0.372E-01 -0.130E-09  0.450E-04  0.108E-04
   74   0.171E-01 -0.350E-01 -0.130E-09  0.400E-04  0.957E-05
   75   0.161E-01 -0.330E-01 -0.130E-09  0.355E-04  0.850E-05
   76   0.152E-01 -0.311E-01 -0.130E-09  0.315E-04  0.755E-05
   77   0.143E-01 -0.293E-01 -0.130E-09  0.280E-04  0.670E-05
   78   0.135E-01 -0.276E-01 -0.130E-09  0.249E-04  0.595E-05
   79   0.127E-01 -0.260E-01 -0.130E-09  0.221E-04  0.529E-05
   80   0.120E-01 -0.245E-01 -0.130E-09  0.196E-04  0.470E-05
   81   0.113E-01 -0.231E-01 -0.130E-09  0.174E-04  0.417E-05
   82   0.106E-01 -0.218E-01 -0.130E-09  0.155E-04  0.370E-05
   83   0.100E-01 -0.205E-01 -0.117E-07  0.137E-04  0.332E-05
   84   0.945E-02 -0.193E-01 -0.225E-07  0.121E-04  0.298E-05
   85   0.890E-02 -0.182E-01 -0.225E-07  0.107E-04  0.265E-05
   86   0.838E-02 -0.172E-01 -0.225E-07  0.950E-05  0.235E-05
   87   0.789E-02 -0.162E-01 -0.225E-07  0.843E-05  0.208E-05
   88   0.743E-02 -0.153E-01 -0.225E-07  0.747E-05  0.185E-05
   89   0.700E-02 -0.144E-01 -0.225E-07  0.663E-05  0.164E-05
   90   0.659E-02 -0.135E-01 -0.225E-07  0.588E-05  0.146E-05
   91   0.620E-02 -0.128E-01 -0.225E-07  0.521E-05  0.129E-05
   92   0.584E-02 -0.120E-01 -0.225E-07  0.462E-05  0.115E-05
   93   0.550E-02 -0.113E-01 -0.225E-07  0.410E-05  0.102E-05
   94   0.517E-02 -0.107E-01 -0.225E-07  0.363E-05  0.903E-06
   95   0.487E-02 -0.101E-01 -0.225E-07  0.322E-05  0.801E-06
   96   0.458E-02 -0.951E-02 -0.225E-07  0.285E-05  0.711E-06
   97   0.431E-02 -0.897E-02 -0.225E-07  0.253E-05  0.631E-06
   98   0.406E-02 -0.846E-02 -0.225E-07  0.224E-05  0.560E-06
   99   0.381E-02 -0.798E-02 -0.225E-07  0.198E-05  0.497E-06
  100   0.359E-02 -0.753E-02 -0.225E-07  0.175E-05  0.441E-06
  101   0.337E-02 -0.710E-02 -0.225E-07  0.155E-05  0.391E-06
  102   0.317E-02 -0.670E-02 -0.225E-07  0.137E-05  0.347E-06
  103   0.298E-02 -0.633E-02 -0.225E-07  0.122E-05  0.308E-06
  104   0.280E-02 -0.598E-02 -0.225E-07  0.107E-05  0.273E-06
  105   0.263E-02 -0.565E-02 -0.225E-07  0.950E-06  0.243E-06
  106   0.247E-02 -0.534E-02 -0.116E-07  0.840E-06  0.219E-06
  107   0.232E-02 -0.503E-02 -0.188E-08  0.742E-06  0.197E-06
  108   0.218E-02 -0.473E-02 -0.188E-08  0.656E-06  0.174E-06
  109   0.205E-02 -0.445E-02 -0.188E-08  0.579E-06  0.154E-06
  110   0.192E-02 -0.418E-02 -0.188E-08  0.511E-06  0.136E-06
  111   0.181E-02 -0.393E-02 -0.188E-08  0.451E-06  0.120E-06
  112   0.170E-02 -0.370E-02 -0.188E-08  0.398E-06  0.106E-06
  113   0.159E-02 -0.348E-02 -0.188E-08  0.352E-06  0.937E-07
  114   0.150E-02 -0.327E-02 -0.188E-08  0.310E-06  0.827E-07
  115   0.141E-02 -0.308E-02 -0.188E-08  0.274E-06  0.731E-07
  116   0.132E-02 -0.290E-02 -0.188E-08  0.242E-06  0.646E-07
  117   0.124E-02 -0.272E-02 -0.188E-08  0.213E-06  0.570E-07
  118   0.116E-02 -0.256E-02 -0.188E-08  0.188E-06  0.504E-07
  119   0.109E-02 -0.241E-02 -0.188E-08  0.166E-06  0.445E-07
  120   0.102E-02 -0.227E-02 -0.188E-08  0.146E-06  0.393E-07
  121   0.961E-03 -0.214E-02 -0.188E-08  0.129E-06  0.348E-07
  122   0.901E-03 -0.201E-02 -0.188E-08  0.114E-06  0.307E-07
  123   0.845E-03 -0.190E-02 -0.188E-08  0.100E-06  0.271E-07
  124   0.792E-03 -0.179E-02 -0.188E-08  0.880E-07  0.240E-07
  125   0.743E-03 -0.169E-02 -0.188E-08  0.775E-07  0.212E-07
  126   0.696E-03 -0.159E-02 -0.188E-08  0.682E-07  0.187E-07
  127   0.651E-03 -0.150E-02 -0.188E-08  0.599E-07  0.165E-07
  128   0.609E-03 -0.141E-02 -0.188E-08  0.526E-07  0.146E-07
  129   0.570E-03 -0.134E-02 -0.188E-08  0.462E-07  0.129E-07
  130   0.533E-03 -0.126E-02 -0.188E-08  0.406E-07  0.114E-07
  131   0.497E-03 -0.119E-02 -0.919E-09  0.357E-07  0.103E-07
  132   0.465E-03 -0.112E-02 -0.671E-10  0.315E-07  0.919E-08
  133   0.435E-03 -0.105E-02 -0.671E-10  0.276E-07  0.806E-08
  134   0.408E-03 -0.986E-03 -0.671E-10  0.242E-07  0.707E-08
  135   0.382E-03 -0.923E-03 -0.671E-10  0.212E-07  0.620E-08
  136   0.357E-03 -0.865E-03 -0.671E-10  0.186E-07  0.544E-08
  137   0.334E-03 -0.811E-03 -0.671E-10  0.163E-07  0.477E-08
  138   0.313E-03 -0.760E-03 -0.671E-10  0.143E-07  0.418E-08
  139   0.293E-03 -0.712E-03 -0.671E-10  0.125E-07  0.367E-08
  140   0.274E-03 -0.667E-03 -0.671E-10  0.110E-07  0.322E-08
  141   0.257E-03 -0.625E-03 -0.671E-10  0.961E-08  0.282E-08
  142   0.240E-03 -0.586E-03 -0.671E-10  0.842E-08  0.248E-08
  143   0.225E-03 -0.549E-03 -0.671E-10  0.738E-08  0.217E-08
  144   0.210E-03 -0.515E-03 -0.671E-10  0.646E-08  0.190E-08
  145   0.196E-03 -0.483E-03 -0.671E-10  0.566E-08  0.167E-08
  146   0.184E-03 -0.453E-03 -0.671E-10  0.495E-08  0.146E-08
  147   0.172E-03 -0.425E-03 -0.671E-10  0.433E-08  0.128E-08
  148   0.160E-03 -0.399E-03 -0.671E-10  0.379E-08  0.113E-08
  149   0.150E-03 -0.374E-03 -0.671E-10  0.332E-08  0.989E-09
  150   0.140E-03 -0.352E-03 -0.671E-10  0.290E-08  0.867E-09
  151   0.131E-03 -0.330E-03 -0.671E-10  0.253E-08  0.761E-09
  152   0.122E-03 -0.310E-03 -0.671E-10  0.221E-08  0.667E-09
  153   0.114E-03 -0.292E-03 -0.671E-10  0.193E-08  0.585E-09
  154   0.106E-03 -0.274E-03 -0.671E-10  0.169E-08  0.514E-09
  155   0.989E-04 -0.258E-03 -0.671E-10  0.147E-08  0.451E-09
  156   0.920E-04 -0.243E-03 -0.324E-10  0.128E-08  0.400E-09
  157   0.858E-04 -0.228E-03 -0.205E-11  0.112E-08  0.355E-09
  158   0.800E-04 -0.213E-03 -0.205E-11  0.979E-09  0.309E-09
  159   0.747E-04 -0.199E-03 -0.205E-11  0.853E-09  0.269E-09
  160   0.697E-04 -0.186E-03 -0.205E-11  0.743E-09  0.235E-09
  161   0.651E-04 -0.173E-03 -0.205E-11  0.648E-09  0.205E-09
  162   0.607E-04 -0.162E-03 -0.205E-11  0.564E-09  0.178E-09
  163   0.567E-04 -0.151E-03 -0.205E-11  0.492E-09  0.155E-09
  164   0.529E-04 -0.141E-03 -0.205E-11  0.428E-09  0.136E-09
  165   0.493E-04 -0.132E-03 -0.205E-11  0.373E-09  0.118E-09
  166   0.460E-04 -0.123E-03 -0.205E-11  0.325E-09  0.103E-09
  167   0.429E-04 -0.115E-03 -0.205E-11  0.283E-09  0.897E-10
  168   0.400E-04 -0.108E-03 -0.205E-11  0.246E-09  0.782E-10
  169   0.373E-04 -0.101E-03 -0.205E-11  0.214E-09  0.682E-10
  170   0.348E-04 -0.941E-04 -0.205E-11  0.186E-09  0.594E-10
  171   0.325E-04 -0.879E-04 -0.205E-11  0.162E-09  0.518E-10
  172   0.303E-04 -0.822E-04 -0.205E-11  0.141E-09  0.451E-10
  173   0.282E-04 -0.769E-04 -0.205E-11  0.123E-09  0.393E-10
  174   0.263E-04 -0.719E-04 -0.205E-11  0.107E-09  0.343E-10
  175   0.245E-04 -0.673E-04 -0.205E-11  0.928E-10  0.299E-10
  176   0.228E-04 -0.630E-04 -0.205E-11  0.806E-10  0.260E-10
  177   0.212E-04 -0.590E-04 -0.205E-11  0.700E-10  0.227E-10
  178   0.197E-04 -0.553E-04 -0.205E-11  0.608E-10  0.198E-10
  179   0.183E-04 -0.518E-04 -0.205E-11  0.527E-10  0.173E-10
  180   0.170E-04 -0.486E-04 -0.205E-11  0.457E-10  0.150E-10
  181   0.158E-04 -0.456E-04 -0.952E-12  0.397E-10  0.132E-10
  182   0.147E-04 -0.426E-04  0.000E+00  0.345E-10  0.116E-10
  183   0.137E-04 -0.397E-04  0.000E+00  0.299E-10  0.101E-10
  184   0.127E-04 -0.369E-04  0.000E+00  0.259E-10  0.873E-11
  185   0.118E-04 -0.344E-04  0.000E+00  0.225E-10  0.757E-11
  186   0.110E-04 -0.320E-04  0.000E+00  0.195E-10  0.656E-11
  187   0.103E-04 -0.298E-04  0.000E+00  0.169E-10  0.568E-11
  188   0.955E-05 -0.277E-04  0.000E+00  0.146E-10  0.493E-11
  189   0.889E-05 -0.258E-04  0.000E+00  0.127E-10  0.427E-11
  190   0.828E-05 -0.240E-04  0.000E+00  0.110E-10  0.370E-11
  191   0.771E-05 -0.224E-04  0.000E+00  0.952E-11  0.321E-11
  192   0.718E-05 -0.208E-04  0.000E+00  0.825E-11  0.278E-11
  193   0.668E-05 -0.194E-04  0.000E+00  0.715E-11  0.241E-11
  194   0.622E-05 -0.181E-04  0.000E+00  0.619E-11  0.209E-11
  195   0.579E-05 -0.168E-04  0.000E+00  0.537E-11  0.181E-11
  196   0.539E-05 -0.156E-04  0.000E+00  0.465E-11  0.157E-11
  197   0.502E-05 -0.146E-04  0.000E+00  0.403E-11  0.136E-11
  198   0.467E-05 -0.136E-04  0.000E+00  0.349E-11  0.118E-11
  199   0.435E-05 -0.126E-04  0.000E+00  0.303E-11  0.102E-11
  200   0.405E-05 -0.117E-04  0.000E+00  0.197E-10  0.662E-11


                   LOVE WAVE        MODE #  0
        T = 0.4000E+02 C =    0.4230E+01 U   = 0.3816E+01
        AL= 0.2241E-03 GAMMA= 0.0000E+00 ZREF= 0.0000E+00
    M       UT         TT       DC/DH      DC/DB      DC/DR
    1   0.100E+01  0.000E+00 -0.153E-01  0.357E-01 -0.112E-01
    2   0.999E+00 -0.444E-01 -0.153E-01  0.356E-01 -0.111E-01
    3   0.995E+00 -0.887E-01 -0.153E-01  0.354E-01 -0.108E-01
    4   0.988E+00 -0.133E+00 -0.153E-01  0.351E-01 -0.105E-01
    5   0.978E+00 -0.176E+00 -0.153E-01  0.347E-01 -0.100E-01
    6   0.966E+00 -0.220E+00 -0.153E-01  0.342E-01 -0.941E-02
    7   0.951E+00 -0.262E+00 -0.153E-01  0.337E-01 -0.873E-02
    8   0.934E+00 -0.304E+00 -0.153E-01  0.330E-01 -0.795E-02
    9   0.914E+00 -0.345E+00 -0.153E-01  0.323E-01 -0.708E-02
   10   0.892E+00 -0.385E+00 -0.153E-01  0.316E-01 -0.613E-02
   11   0.867E+00 -0.424E+00 -0.124E-01  0.324E-01 -0.378E-02
   12   0.843E+00 -0.454E+00 -0.932E-02  0.331E-01 -0.168E-02
   13   0.822E+00 -0.475E+00 -0.932E-02  0.319E-01 -0.127E-02
   14   0.799E+00 -0.495E+00 -0.932E-02  0.307E-01 -0.840E-03
   15   0.776E+00 -0.514E+00 -0.932E-02  0.294E-01 -0.411E-03
   16   0.752E+00 -0.533E+00 -0.932E-02  0.282E-01  0.198E-04
   17   0.727E+00 -0.552E+00 -0.932E-02  0.269E-01  0.451E-03
   18   0.701E+00 -0.569E+00 -0.486E-02  0.275E-01  0.217E-02
   19   0.680E+00 -0.572E+00 -0.109E-03  0.285E-01  0.387E-02
   20   0.663E+00 -0.559E+00 -0.109E-03  0.271E-01  0.368E-02
   21   0.647E+00 -0.545E+00 -0.109E-03  0.258E-01  0.350E-02
   22   0.631E+00 -0.532E+00 -0.109E-03  0.245E-01  0.334E-02
   23   0.615E+00 -0.519E+00 -0.109E-03  0.233E-01  0.318E-02
   24   0.600E+00 -0.507E+00 -0.109E-03  0.222E-01  0.302E-02
   25   0.585E+00 -0.495E+00 -0.109E-03  0.211E-01  0.288E-02
   26   0.570E+00 -0.483E+00 -0.109E-03  0.200E-01  0.274E-02
   27   0.556E+00 -0.472E+00 -0.109E-03  0.191E-01  0.261E-02
   28   0.542E+00 -0.460E+00 -0.109E-03  0.181E-01  0.248E-02
   29   0.528E+00 -0.449E+00 -0.109E-03  0.172E-01  0.236E-02
   30   0.515E+00 -0.439E+00 -0.109E-03  0.164E-01  0.225E-02
   31   0.502E+00 -0.428E+00 -0.109E-03  0.156E-01  0.214E-02
   32   0.490E+00 -0.418E+00 -0.109E-03  0.148E-01  0.204E-02
   33   0.477E+00 -0.408E+00 -0.109E-03  0.141E-01  0.194E-02
   34   0.465E+00 -0.399E+00 -0.109E-03  0.134E-01  0.184E-02
   35   0.453E+00 -0.389E+00 -0.109E-03  0.127E-01  0.176E-02
   36   0.442E+00 -0.380E+00 -0.109E-03  0.121E-01  0.167E-02
   37   0.431E+00 -0.371E+00 -0.109E-03  0.115E-01  0.159E-02
   38   0.420E+00 -0.362E+00 -0.109E-03  0.109E-01  0.151E-02
   39   0.409E+00 -0.354E+00 -0.727E-04  0.104E-01  0.145E-02
   40   0.399E+00 -0.346E+00 -0.382E-04  0.992E-02  0.138E-02
   41   0.389E+00 -0.337E+00 -0.382E-04  0.943E-02  0.131E-02
   42   0.379E+00 -0.329E+00 -0.382E-04  0.896E-02  0.125E-02
   43   0.369E+00 -0.321E+00 -0.382E-04  0.851E-02  0.119E-02
   44   0.360E+00 -0.313E+00 -0.382E-04  0.809E-02  0.113E-02
   45   0.351E+00 -0.305E+00 -0.382E-04  0.769E-02  0.108E-02
   46   0.342E+00 -0.298E+00 -0.382E-04  0.730E-02  0.102E-02
   47   0.333E+00 -0.291E+00 -0.382E-04  0.694E-02  0.973E-03
   48   0.325E+00 -0.284E+00 -0.382E-04  0.659E-02  0.925E-03
   49   0.317E+00 -0.277E+00 -0.382E-04  0.626E-02  0.880E-03
   50   0.308E+00 -0.270E+00 -0.382E-04  0.595E-02  0.836E-03
   51   0.301E+00 -0.264E+00 -0.382E-04  0.565E-02  0.795E-03
   52   0.293E+00 -0.257E+00 -0.382E-04  0.537E-02  0.756E-03
   53   0.285E+00 -0.251E+00 -0.382E-04  0.510E-02  0.719E-03
   54   0.278E+00 -0.245E+00 -0.382E-04  0.484E-02  0.684E-03
   55   0.271E+00 -0.239E+00 -0.382E-04  0.460E-02  0.651E-03
   56   0.264E+00 -0.233E+00 -0.382E-04  0.437E-02  0.619E-03
   57   0.257E+00 -0.228E+00 -0.382E-04  0.415E-02  0.588E-03
   58   0.251E+00 -0.222E+00 -0.382E-04  0.394E-02  0.560E-03
   59   0.244E+00 -0.217E+00 -0.382E-04  0.374E-02  0.532E-03
   60   0.238E+00 -0.212E+00 -0.382E-04  0.355E-02  0.506E-03
   61   0.232E+00 -0.207E+00 -0.250E-04  0.339E-02  0.482E-03
   62   0.226E+00 -0.202E+00 -0.123E-04  0.323E-02  0.459E-03
   63   0.220E+00 -0.197E+00 -0.123E-04  0.307E-02  0.436E-03
   64   0.214E+00 -0.192E+00 -0.123E-04  0.291E-02  0.414E-03
   65   0.209E+00 -0.187E+00 -0.123E-04  0.277E-02  0.394E-03
   66   0.203E+00 -0.183E+00 -0.123E-04  0.263E-02  0.374E-03
   67   0.198E+00 -0.178E+00 -0.123E-04  0.249E-02  0.355E-03
   68   0.193E+00 -0.174E+00 -0.123E-04  0.237E-02  0.338E-03
   69   0.188E+00 -0.169E+00 -0.123E-04  0.225E-02  0.321E-03
   70   0.183E+00 -0.165E+00 -0.123E-04  0.213E-02  0.305E-03
   71   0.178E+00 -0.161E+00 -0.123E-04  0.203E-02  0.290E-03
   72   0.174E+00 -0.157E+00 -0.123E-04  0.192E-02  0.275E-03
   73   0.169E+00 -0.153E+00 -0.123E-04  0.182E-02  0.262E-03
   74   0.165E+00 -0.150E+00 -0.123E-04  0.173E-02  0.249E-03
   75   0.161E+00 -0.146E+00 -0.123E-04  0.164E-02  0.236E-03
   76   0.157E+00 -0.142E+00 -0.123E-04  0.156E-02  0.224E-03
   77   0.152E+00 -0.139E+00 -0.123E-04  0.148E-02  0.213E-03
   78   0.148E+00 -0.135E+00 -0.123E-04  0.140E-02  0.203E-03
   79   0.145E+00 -0.132E+00 -0.123E-04  0.133E-02  0.193E-03
   80   0.141E+00 -0.129E+00 -0.123E-04  0.126E-02  0.183E-03
   81   0.137E+00 -0.126E+00 -0.123E-04  0.120E-02  0.174E-03
   82   0.134E+00 -0.123E+00 -0.123E-04  0.114E-02  0.165E-03
   83   0.130E+00 -0.120E+00 -0.119E-04  0.107E-02  0.159E-03
   84   0.127E+00 -0.117E+00 -0.115E-04  0.101E-02  0.154E-03
   85   0.123E+00 -0.114E+00 -0.115E-04  0.959E-03  0.146E-03
   86   0.120E+00 -0.111E+00 -0.115E-04  0.909E-03  0.138E-03
   87   0.117E+00 -0.109E+00 -0.115E-04  0.861E-03  0.131E-03
   88   0.113E+00 -0.106E+00 -0.115E-04  0.816E-03  0.125E-03
   89   0.110E+00 -0.103E+00 -0.115E-04  0.773E-03  0.119E-03
   90   0.107E+00 -0.101E+00 -0.115E-04  0.732E-03  0.113E-03
   91   0.105E+00 -0.984E-01 -0.115E-04  0.693E-03  0.107E-03
   92   0.102E+00 -0.960E-01 -0.115E-04  0.656E-03  0.101E-03
   93   0.989E-01 -0.937E-01 -0.115E-04  0.621E-03  0.964E-04
   94   0.962E-01 -0.915E-01 -0.115E-04  0.588E-03  0.915E-04
   95   0.935E-01 -0.893E-01 -0.115E-04  0.557E-03  0.869E-04
   96   0.909E-01 -0.872E-01 -0.115E-04  0.527E-03  0.825E-04
   97   0.884E-01 -0.851E-01 -0.115E-04  0.498E-03  0.784E-04
   98   0.859E-01 -0.831E-01 -0.115E-04  0.471E-03  0.744E-04
   99   0.835E-01 -0.812E-01 -0.115E-04  0.446E-03  0.707E-04
  100   0.812E-01 -0.793E-01 -0.115E-04  0.422E-03  0.671E-04
  101   0.789E-01 -0.775E-01 -0.115E-04  0.399E-03  0.638E-04
  102   0.766E-01 -0.757E-01 -0.115E-04  0.377E-03  0.606E-04
  103   0.744E-01 -0.740E-01 -0.115E-04  0.356E-03  0.575E-04
  104   0.723E-01 -0.723E-01 -0.115E-04  0.336E-03  0.546E-04
  105   0.702E-01 -0.707E-01 -0.115E-04  0.318E-03  0.519E-04
  106   0.681E-01 -0.691E-01 -0.769E-05  0.301E-03  0.509E-04
  107   0.662E-01 -0.674E-01 -0.409E-05  0.284E-03  0.497E-04
  108   0.642E-01 -0.656E-01 -0.409E-05  0.268E-03  0.470E-04
  109   0.624E-01 -0.639E-01 -0.409E-05  0.253E-03  0.445E-04
  110   0.606E-01 -0.622E-01 -0.409E-05  0.239E-03  0.421E-04
  111   0.588E-01 -0.606E-01 -0.409E-05  0.225E-03  0.398E-04
  112   0.571E-01 -0.591E-01 -0.409E-05  0.213E-03  0.376E-04
  113   0.554E-01 -0.575E-01 -0.409E-05  0.200E-03  0.356E-04
  114   0.538E-01 -0.561E-01 -0.409E-05  0.189E-03  0.337E-04
  115   0.522E-01 -0.546E-01 -0.409E-05  0.178E-03  0.319E-04
  116   0.507E-01 -0.532E-01 -0.409E-05  0.168E-03  0.301E-04
  117   0.491E-01 -0.519E-01 -0.409E-05  0.158E-03  0.285E-04
  118   0.477E-01 -0.506E-01 -0.409E-05  0.149E-03  0.270E-04
  119   0.462E-01 -0.493E-01 -0.409E-05  0.141E-03  0.255E-04
  120   0.448E-01 -0.481E-01 -0.409E-05  0.132E-03  0.241E-04
  121   0.435E-01 -0.469E-01 -0.409E-05  0.125E-03  0.228E-04
  122   0.422E-01 -0.457E-01 -0.409E-05  0.117E-03  0.216E-04
  123   0.409E-01 -0.446E-01 -0.409E-05  0.110E-03  0.204E-04
  124   0.396E-01 -0.435E-01 -0.409E-05  0.104E-03  0.193E-04
  125   0.384E-01 -0.424E-01 -0.409E-05  0.977E-04  0.183E-04
  126   0.372E-01 -0.414E-01 -0.409E-05  0.919E-04  0.173E-04
  127   0.360E-01 -0.404E-01 -0.409E-05  0.864E-04  0.164E-04
  128   0.348E-01 -0.395E-01 -0.409E-05  0.811E-04  0.155E-04
  129   0.337E-01 -0.385E-01 -0.409E-05  0.762E-04  0.147E-04
  130   0.326E-01 -0.376E-01 -0.409E-05  0.716E-04  0.139E-04
  131   0.316E-01 -0.368E-01 -0.239E-05  0.677E-04  0.136E-04
  132   0.305E-01 -0.358E-01 -0.775E-06  0.640E-04  0.133E-04
  133   0.296E-01 -0.348E-01 -0.775E-06  0.601E-04  0.125E-04
  134   0.286E-01 -0.337E-01 -0.775E-06  0.564E-04  0.118E-04
  135   0.277E-01 -0.328E-01 -0.775E-06  0.529E-04  0.111E-04
  136   0.269E-01 -0.318E-01 -0.775E-06  0.496E-04  0.104E-04
  137   0.260E-01 -0.309E-01 -0.775E-06  0.466E-04  0.977E-05
  138   0.252E-01 -0.300E-01 -0.775E-06  0.437E-04  0.919E-05
  139   0.244E-01 -0.291E-01 -0.775E-06  0.410E-04  0.864E-05
  140   0.236E-01 -0.283E-01 -0.775E-06  0.384E-04  0.812E-05
  141   0.228E-01 -0.274E-01 -0.775E-06  0.360E-04  0.763E-05
  142   0.221E-01 -0.267E-01 -0.775E-06  0.338E-04  0.718E-05
  143   0.214E-01 -0.259E-01 -0.775E-06  0.317E-04  0.675E-05
  144   0.207E-01 -0.252E-01 -0.775E-06  0.297E-04  0.634E-05
  145   0.200E-01 -0.244E-01 -0.775E-06  0.278E-04  0.596E-05
  146   0.193E-01 -0.238E-01 -0.775E-06  0.260E-04  0.561E-05
  147   0.187E-01 -0.231E-01 -0.775E-06  0.244E-04  0.527E-05
  148   0.181E-01 -0.224E-01 -0.775E-06  0.228E-04  0.496E-05
  149   0.175E-01 -0.218E-01 -0.775E-06  0.214E-04  0.466E-05
  150   0.169E-01 -0.212E-01 -0.775E-06  0.200E-04  0.438E-05
  151   0.163E-01 -0.206E-01 -0.775E-06  0.187E-04  0.412E-05
  152   0.158E-01 -0.201E-01 -0.775E-06  0.175E-04  0.388E-05
  153   0.152E-01 -0.195E-01 -0.775E-06  0.164E-04  0.364E-05
  154   0.147E-01 -0.190E-01 -0.775E-06  0.153E-04  0.343E-05
  155   0.142E-01 -0.185E-01 -0.775E-06  0.143E-04  0.322E-05
  156   0.137E-01 -0.180E-01 -0.437E-06  0.134E-04  0.311E-05
  157   0.132E-01 -0.175E-01 -0.119E-06  0.126E-04  0.300E-05
  158   0.128E-01 -0.169E-01 -0.119E-06  0.118E-04  0.280E-05
  159   0.123E-01 -0.164E-01 -0.119E-06  0.110E-04  0.262E-05
  160   0.119E-01 -0.158E-01 -0.119E-06  0.103E-04  0.245E-05
  161   0.115E-01 -0.153E-01 -0.119E-06  0.963E-05  0.229E-05
  162   0.111E-01 -0.148E-01 -0.119E-06  0.899E-05  0.214E-05
  163   0.108E-01 -0.144E-01 -0.119E-06  0.840E-05  0.201E-05
  164   0.104E-01 -0.139E-01 -0.119E-06  0.784E-05  0.188E-05
  165   0.100E-01 -0.135E-01 -0.119E-06  0.732E-05  0.175E-05
  166   0.969E-02 -0.130E-01 -0.119E-06  0.683E-05  0.164E-05
  167   0.935E-02 -0.126E-01 -0.119E-06  0.638E-05  0.153E-05
  168   0.903E-02 -0.122E-01 -0.119E-06  0.595E-05  0.143E-05
  169   0.872E-02 -0.118E-01 -0.119E-06  0.555E-05  0.134E-05
  170   0.842E-02 -0.115E-01 -0.119E-06  0.518E-05  0.125E-05
  171   0.813E-02 -0.111E-01 -0.119E-06  0.483E-05  0.117E-05
  172   0.784E-02 -0.108E-01 -0.119E-06  0.451E-05  0.110E-05
  173   0.757E-02 -0.104E-01 -0.119E-06  0.420E-05  0.103E-05
  174   0.730E-02 -0.101E-01 -0.119E-06  0.392E-05  0.960E-06
  175   0.704E-02 -0.981E-02 -0.119E-06  0.365E-05  0.898E-06
  176   0.679E-02 -0.951E-02 -0.119E-06  0.340E-05  0.840E-06
  177   0.655E-02 -0.922E-02 -0.119E-06  0.317E-05  0.786E-06
  178   0.631E-02 -0.894E-02 -0.119E-06  0.295E-05  0.735E-06
  179   0.609E-02 -0.867E-02 -0.119E-06  0.275E-05  0.688E-06
  180   0.586E-02 -0.841E-02 -0.119E-06  0.256E-05  0.643E-06
  181   0.565E-02 -0.816E-02 -0.576E-07  0.240E-05  0.615E-06
  182   0.545E-02 -0.790E-02  0.000E+00  0.225E-05  0.586E-06
  183   0.525E-02 -0.762E-02  0.000E+00  0.209E-05  0.546E-06
  184   0.507E-02 -0.735E-02  0.000E+00  0.195E-05  0.508E-06
  185   0.489E-02 -0.710E-02  0.000E+00  0.181E-05  0.473E-06
  186   0.472E-02 -0.685E-02  0.000E+00  0.169E-05  0.440E-06
  187   0.455E-02 -0.661E-02  0.000E+00  0.157E-05  0.410E-06
  188   0.439E-02 -0.637E-02  0.000E+00  0.146E-05  0.382E-06
  189   0.424E-02 -0.615E-02  0.000E+00  0.136E-05  0.355E-06
  190   0.409E-02 -0.593E-02  0.000E+00  0.127E-05  0.331E-06
  191   0.395E-02 -0.573E-02  0.000E+00  0.118E-05  0.308E-06
  192   0.381E-02 -0.552E-02  0.000E+00  0.110E-05  0.287E-06
  193   0.367E-02 -0.533E-02  0.000E+00  0.102E-05  0.267E-06
  194   0.355E-02 -0.514E-02  0.000E+00  0.952E-06  0.248E-06
  195   0.342E-02 -0.496E-02  0.000E+00  0.886E-06  0.231E-06
  196   0.330E-02 -0.479E-02  0.000E+00  0.825E-06  0.215E-06
  197   0.318E-02 -0.462E-02  0.000E+00  0.768E-06  0.200E-06
  198   0.307E-02 -0.446E-02  0.000E+00  0.715E-06  0.187E-06
  199   0.296E-02 -0.430E-02  0.000E+00  0.666E-06  0.174E-06
  200   0.286E-02 -0.415E-02  0.000E+00  0.898E-05  0.234E-05


                   LOVE WAVE        MODE #  0
        T = 0.6700E+02 C =    0.4414E+01 U   = 0.4146E+01
        AL= 0.8595E-04 GAMMA= 0.0000E+00 ZREF= 0.0000E+00
    M       UT         TT       DC/DH      DC/DB      DC/DR
    1   0.100E+01  0.000E+00 -0.775E-02  0.143E-01 -0.570E-02
    2   0.999E+00 -0.184E-01 -0.775E-02  0.143E-01 -0.567E-02
    3   0.998E+00 -0.369E-01 -0.775E-02  0.142E-01 -0.562E-02
    4   0.995E+00 -0.552E-01 -0.775E-02  0.142E-01 -0.554E-02
    5   0.991E+00 -0.736E-01 -0.775E-02  0.142E-01 -0.544E-02
    6   0.986E+00 -0.918E-01 -0.775E-02  0.141E-01 -0.531E-02
    7   0.980E+00 -0.110E+00 -0.775E-02  0.140E-01 -0.516E-02
    8   0.972E+00 -0.128E+00 -0.775E-02  0.139E-01 -0.499E-02
    9   0.964E+00 -0.146E+00 -0.775E-02  0.139E-01 -0.479E-02
   10   0.954E+00 -0.163E+00 -0.775E-02  0.138E-01 -0.457E-02
   11   0.944E+00 -0.181E+00 -0.657E-02  0.147E-01 -0.354E-02
   12   0.934E+00 -0.196E+00 -0.525E-02  0.156E-01 -0.252E-02
   13   0.925E+00 -0.207E+00 -0.525E-02  0.153E-01 -0.239E-02
   14   0.915E+00 -0.218E+00 -0.525E-02  0.151E-01 -0.226E-02
   15   0.904E+00 -0.230E+00 -0.525E-02  0.149E-01 -0.212E-02
   16   0.894E+00 -0.241E+00 -0.525E-02  0.147E-01 -0.198E-02
   17   0.882E+00 -0.251E+00 -0.525E-02  0.144E-01 -0.184E-02
   18   0.870E+00 -0.262E+00 -0.297E-02  0.159E-01 -0.508E-03
   19   0.861E+00 -0.267E+00 -0.306E-03  0.174E-01  0.886E-03
   20   0.853E+00 -0.266E+00 -0.306E-03  0.171E-01  0.873E-03
   21   0.845E+00 -0.264E+00 -0.306E-03  0.168E-01  0.861E-03
   22   0.837E+00 -0.263E+00 -0.306E-03  0.165E-01  0.848E-03
   23   0.829E+00 -0.261E+00 -0.306E-03  0.162E-01  0.836E-03
   24   0.821E+00 -0.259E+00 -0.306E-03  0.159E-01  0.823E-03
   25   0.814E+00 -0.258E+00 -0.306E-03  0.156E-01  0.811E-03
   26   0.806E+00 -0.256E+00 -0.306E-03  0.153E-01  0.800E-03
   27   0.798E+00 -0.255E+00 -0.306E-03  0.150E-01  0.788E-03
   28   0.791E+00 -0.253E+00 -0.306E-03  0.148E-01  0.777E-03
   29   0.783E+00 -0.252E+00 -0.306E-03  0.145E-01  0.765E-03
   30   0.776E+00 -0.250E+00 -0.306E-03  0.142E-01  0.754E-03
   31   0.768E+00 -0.249E+00 -0.306E-03  0.139E-01  0.743E-03
   32   0.761E+00 -0.247E+00 -0.306E-03  0.137E-01  0.733E-03
   33   0.753E+00 -0.246E+00 -0.306E-03  0.134E-01  0.722E-03
   34   0.746E+00 -0.245E+00 -0.306E-03  0.132E-01  0.712E-03
   35   0.739E+00 -0.243E+00 -0.306E-03  0.129E-01  0.701E-03
   36   0.732E+00 -0.242E+00 -0.306E-03  0.127E-01  0.691E-03
   37   0.724E+00 -0.240E+00 -0.306E-03  0.124E-01  0.681E-03
   38   0.717E+00 -0.239E+00 -0.306E-03  0.122E-01  0.671E-03
   39   0.710E+00 -0.238E+00 -0.271E-03  0.120E-01  0.674E-03
   40   0.703E+00 -0.236E+00 -0.237E-03  0.118E-01  0.677E-03
   41   0.696E+00 -0.235E+00 -0.237E-03  0.116E-01  0.666E-03
   42   0.689E+00 -0.233E+00 -0.237E-03  0.114E-01  0.656E-03
   43   0.682E+00 -0.232E+00 -0.237E-03  0.112E-01  0.646E-03
   44   0.676E+00 -0.230E+00 -0.237E-03  0.109E-01  0.636E-03
   45   0.669E+00 -0.229E+00 -0.237E-03  0.107E-01  0.626E-03
   46   0.662E+00 -0.227E+00 -0.237E-03  0.105E-01  0.616E-03
   47   0.655E+00 -0.226E+00 -0.237E-03  0.103E-01  0.606E-03
   48   0.649E+00 -0.224E+00 -0.237E-03  0.101E-01  0.597E-03
   49   0.642E+00 -0.223E+00 -0.237E-03  0.990E-02  0.588E-03
   50   0.636E+00 -0.222E+00 -0.237E-03  0.970E-02  0.579E-03
   51   0.629E+00 -0.220E+00 -0.237E-03  0.951E-02  0.570E-03
   52   0.623E+00 -0.219E+00 -0.237E-03  0.932E-02  0.561E-03
   53   0.616E+00 -0.217E+00 -0.237E-03  0.913E-02  0.552E-03
   54   0.610E+00 -0.216E+00 -0.237E-03  0.894E-02  0.544E-03
   55   0.604E+00 -0.215E+00 -0.237E-03  0.876E-02  0.536E-03
   56   0.597E+00 -0.214E+00 -0.237E-03  0.858E-02  0.527E-03
   57   0.591E+00 -0.212E+00 -0.237E-03  0.841E-02  0.519E-03
   58   0.585E+00 -0.211E+00 -0.237E-03  0.824E-02  0.511E-03
   59   0.579E+00 -0.210E+00 -0.237E-03  0.807E-02  0.503E-03
   60   0.572E+00 -0.208E+00 -0.237E-03  0.790E-02  0.496E-03
   61   0.566E+00 -0.207E+00 -0.213E-03  0.778E-02  0.494E-03
   62   0.560E+00 -0.206E+00 -0.190E-03  0.767E-02  0.492E-03
   63   0.554E+00 -0.204E+00 -0.190E-03  0.751E-02  0.484E-03
   64   0.548E+00 -0.203E+00 -0.190E-03  0.735E-02  0.476E-03
   65   0.542E+00 -0.202E+00 -0.190E-03  0.720E-02  0.468E-03
   66   0.537E+00 -0.200E+00 -0.190E-03  0.705E-02  0.460E-03
   67   0.531E+00 -0.199E+00 -0.190E-03  0.690E-02  0.453E-03
   68   0.525E+00 -0.198E+00 -0.190E-03  0.676E-02  0.446E-03
   69   0.519E+00 -0.196E+00 -0.190E-03  0.661E-02  0.438E-03
   70   0.514E+00 -0.195E+00 -0.190E-03  0.647E-02  0.431E-03
   71   0.508E+00 -0.194E+00 -0.190E-03  0.634E-02  0.424E-03
   72   0.502E+00 -0.193E+00 -0.190E-03  0.620E-02  0.417E-03
   73   0.497E+00 -0.191E+00 -0.190E-03  0.607E-02  0.411E-03
   74   0.491E+00 -0.190E+00 -0.190E-03  0.594E-02  0.404E-03
   75   0.486E+00 -0.189E+00 -0.190E-03  0.581E-02  0.397E-03
   76   0.480E+00 -0.188E+00 -0.190E-03  0.568E-02  0.391E-03
   77   0.475E+00 -0.187E+00 -0.190E-03  0.556E-02  0.385E-03
   78   0.470E+00 -0.185E+00 -0.190E-03  0.543E-02  0.379E-03
   79   0.464E+00 -0.184E+00 -0.190E-03  0.531E-02  0.373E-03
   80   0.459E+00 -0.183E+00 -0.190E-03  0.520E-02  0.367E-03
   81   0.454E+00 -0.182E+00 -0.190E-03  0.508E-02  0.361E-03
   82   0.448E+00 -0.181E+00 -0.190E-03  0.497E-02  0.355E-03
   83   0.443E+00 -0.180E+00 -0.183E-03  0.483E-02  0.358E-03
   84   0.438E+00 -0.179E+00 -0.177E-03  0.469E-02  0.361E-03
   85   0.433E+00 -0.178E+00 -0.177E-03  0.458E-02  0.355E-03
   86   0.427E+00 -0.176E+00 -0.177E-03  0.448E-02  0.349E-03
   87   0.422E+00 -0.175E+00 -0.177E-03  0.437E-02  0.344E-03
   88   0.417E+00 -0.174E+00 -0.177E-03  0.427E-02  0.338E-03
   89   0.412E+00 -0.173E+00 -0.177E-03  0.417E-02  0.332E-03
   90   0.407E+00 -0.172E+00 -0.177E-03  0.407E-02  0.327E-03
   91   0.402E+00 -0.171E+00 -0.177E-03  0.398E-02  0.321E-03
   92   0.397E+00 -0.170E+00 -0.177E-03  0.388E-02  0.316E-03
   93   0.392E+00 -0.169E+00 -0.177E-03  0.379E-02  0.311E-03
   94   0.387E+00 -0.168E+00 -0.177E-03  0.370E-02  0.305E-03
   95   0.382E+00 -0.167E+00 -0.177E-03  0.361E-02  0.300E-03
   96   0.377E+00 -0.166E+00 -0.177E-03  0.352E-02  0.295E-03
   97   0.372E+00 -0.165E+00 -0.177E-03  0.343E-02  0.291E-03
   98   0.368E+00 -0.164E+00 -0.177E-03  0.335E-02  0.286E-03
   99   0.363E+00 -0.163E+00 -0.177E-03  0.327E-02  0.281E-03
  100   0.358E+00 -0.162E+00 -0.177E-03  0.319E-02  0.277E-03
  101   0.353E+00 -0.161E+00 -0.177E-03  0.311E-02  0.272E-03
  102   0.349E+00 -0.160E+00 -0.177E-03  0.303E-02  0.268E-03
  103   0.344E+00 -0.159E+00 -0.177E-03  0.295E-02  0.263E-03
  104   0.339E+00 -0.158E+00 -0.177E-03  0.288E-02  0.259E-03
  105   0.335E+00 -0.157E+00 -0.177E-03  0.280E-02  0.255E-03
  106   0.330E+00 -0.156E+00 -0.143E-03  0.274E-02  0.267E-03
  107   0.326E+00 -0.155E+00 -0.109E-03  0.268E-02  0.278E-03
  108   0.321E+00 -0.154E+00 -0.109E-03  0.261E-02  0.272E-03
  109   0.317E+00 -0.152E+00 -0.109E-03  0.254E-02  0.267E-03
  110   0.312E+00 -0.151E+00 -0.109E-03  0.247E-02  0.261E-03
  111   0.308E+00 -0.150E+00 -0.109E-03  0.241E-02  0.256E-03
  112   0.304E+00 -0.149E+00 -0.109E-03  0.234E-02  0.251E-03
  113   0.300E+00 -0.147E+00 -0.109E-03  0.228E-02  0.245E-03
  114   0.295E+00 -0.146E+00 -0.109E-03  0.222E-02  0.240E-03
  115   0.291E+00 -0.145E+00 -0.109E-03  0.216E-02  0.235E-03
  116   0.287E+00 -0.144E+00 -0.109E-03  0.210E-02  0.231E-03
  117   0.283E+00 -0.143E+00 -0.109E-03  0.204E-02  0.226E-03
  118   0.279E+00 -0.142E+00 -0.109E-03  0.199E-02  0.221E-03
  119   0.275E+00 -0.140E+00 -0.109E-03  0.193E-02  0.217E-03
  120   0.271E+00 -0.139E+00 -0.109E-03  0.188E-02  0.212E-03
  121   0.267E+00 -0.138E+00 -0.109E-03  0.183E-02  0.208E-03
  122   0.263E+00 -0.137E+00 -0.109E-03  0.177E-02  0.204E-03
  123   0.259E+00 -0.136E+00 -0.109E-03  0.172E-02  0.200E-03
  124   0.255E+00 -0.135E+00 -0.109E-03  0.168E-02  0.196E-03
  125   0.251E+00 -0.134E+00 -0.109E-03  0.163E-02  0.192E-03
  126   0.247E+00 -0.133E+00 -0.109E-03  0.158E-02  0.188E-03
  127   0.244E+00 -0.132E+00 -0.109E-03  0.154E-02  0.184E-03
  128   0.240E+00 -0.131E+00 -0.109E-03  0.149E-02  0.181E-03
  129   0.236E+00 -0.130E+00 -0.109E-03  0.145E-02  0.177E-03
  130   0.232E+00 -0.129E+00 -0.109E-03  0.141E-02  0.173E-03
  131   0.229E+00 -0.128E+00 -0.764E-04  0.138E-02  0.182E-03
  132   0.225E+00 -0.127E+00 -0.440E-04  0.135E-02  0.190E-03
  133   0.222E+00 -0.126E+00 -0.440E-04  0.131E-02  0.185E-03
  134   0.218E+00 -0.124E+00 -0.440E-04  0.127E-02  0.180E-03
  135   0.215E+00 -0.123E+00 -0.440E-04  0.123E-02  0.175E-03
  136   0.212E+00 -0.121E+00 -0.440E-04  0.120E-02  0.171E-03
  137   0.208E+00 -0.120E+00 -0.440E-04  0.116E-02  0.166E-03
  138   0.205E+00 -0.118E+00 -0.440E-04  0.113E-02  0.162E-03
  139   0.202E+00 -0.117E+00 -0.440E-04  0.109E-02  0.157E-03
  140   0.199E+00 -0.116E+00 -0.440E-04  0.106E-02  0.153E-03
  141   0.195E+00 -0.114E+00 -0.440E-04  0.103E-02  0.149E-03
  142   0.192E+00 -0.113E+00 -0.440E-04  0.996E-03  0.145E-03
  143   0.189E+00 -0.112E+00 -0.440E-04  0.966E-03  0.142E-03
  144   0.186E+00 -0.111E+00 -0.440E-04  0.936E-03  0.138E-03
  145   0.183E+00 -0.109E+00 -0.440E-04  0.908E-03  0.134E-03
  146   0.180E+00 -0.108E+00 -0.440E-04  0.880E-03  0.131E-03
  147   0.177E+00 -0.107E+00 -0.440E-04  0.852E-03  0.127E-03
  148   0.174E+00 -0.106E+00 -0.440E-04  0.826E-03  0.124E-03
  149   0.172E+00 -0.105E+00 -0.440E-04  0.800E-03  0.121E-03
  150   0.169E+00 -0.104E+00 -0.440E-04  0.775E-03  0.118E-03
  151   0.166E+00 -0.103E+00 -0.440E-04  0.750E-03  0.115E-03
  152   0.163E+00 -0.101E+00 -0.440E-04  0.727E-03  0.112E-03
  153   0.160E+00 -0.100E+00 -0.440E-04  0.704E-03  0.109E-03
  154   0.158E+00 -0.993E-01 -0.440E-04  0.681E-03  0.106E-03
  155   0.155E+00 -0.983E-01 -0.440E-04  0.659E-03  0.103E-03
  156   0.152E+00 -0.973E-01 -0.286E-04  0.644E-03  0.106E-03
  157   0.150E+00 -0.961E-01 -0.136E-04  0.629E-03  0.108E-03
  158   0.147E+00 -0.947E-01 -0.136E-04  0.608E-03  0.104E-03
  159   0.145E+00 -0.934E-01 -0.136E-04  0.589E-03  0.101E-03
  160   0.142E+00 -0.920E-01 -0.136E-04  0.570E-03  0.981E-04
  161   0.140E+00 -0.907E-01 -0.136E-04  0.551E-03  0.951E-04
  162   0.138E+00 -0.895E-01 -0.136E-04  0.533E-03  0.922E-04
  163   0.135E+00 -0.882E-01 -0.136E-04  0.516E-03  0.894E-04
  164   0.133E+00 -0.870E-01 -0.136E-04  0.499E-03  0.867E-04
  165   0.131E+00 -0.857E-01 -0.136E-04  0.483E-03  0.841E-04
  166   0.129E+00 -0.845E-01 -0.136E-04  0.467E-03  0.815E-04
  167   0.127E+00 -0.834E-01 -0.136E-04  0.452E-03  0.791E-04
  168   0.124E+00 -0.822E-01 -0.136E-04  0.437E-03  0.767E-04
  169   0.122E+00 -0.811E-01 -0.136E-04  0.423E-03  0.743E-04
  170   0.120E+00 -0.799E-01 -0.136E-04  0.409E-03  0.721E-04
  171   0.118E+00 -0.788E-01 -0.136E-04  0.395E-03  0.699E-04
  172   0.116E+00 -0.778E-01 -0.136E-04  0.382E-03  0.678E-04
  173   0.114E+00 -0.767E-01 -0.136E-04  0.369E-03  0.657E-04
  174   0.112E+00 -0.757E-01 -0.136E-04  0.357E-03  0.637E-04
  175   0.110E+00 -0.746E-01 -0.136E-04  0.345E-03  0.618E-04
  176   0.108E+00 -0.736E-01 -0.136E-04  0.334E-03  0.600E-04
  177   0.106E+00 -0.726E-01 -0.136E-04  0.322E-03  0.581E-04
  178   0.104E+00 -0.717E-01 -0.136E-04  0.312E-03  0.564E-04
  179   0.103E+00 -0.707E-01 -0.136E-04  0.301E-03  0.547E-04
  180   0.101E+00 -0.698E-01 -0.136E-04  0.291E-03  0.530E-04
  181   0.990E-01 -0.688E-01 -0.672E-05  0.283E-03  0.535E-04
  182   0.973E-01 -0.678E-01  0.000E+00  0.276E-03  0.538E-04
  183   0.956E-01 -0.667E-01  0.000E+00  0.267E-03  0.520E-04
  184   0.940E-01 -0.655E-01  0.000E+00  0.258E-03  0.502E-04
  185   0.924E-01 -0.644E-01  0.000E+00  0.249E-03  0.485E-04
  186   0.908E-01 -0.633E-01  0.000E+00  0.241E-03  0.469E-04
  187   0.893E-01 -0.622E-01  0.000E+00  0.233E-03  0.453E-04
  188   0.878E-01 -0.612E-01  0.000E+00  0.225E-03  0.438E-04
  189   0.863E-01 -0.601E-01  0.000E+00  0.217E-03  0.423E-04
  190   0.848E-01 -0.591E-01  0.000E+00  0.210E-03  0.409E-04
  191   0.834E-01 -0.581E-01  0.000E+00  0.203E-03  0.395E-04
  192   0.819E-01 -0.571E-01  0.000E+00  0.196E-03  0.382E-04
  193   0.805E-01 -0.561E-01  0.000E+00  0.189E-03  0.369E-04
  194   0.792E-01 -0.552E-01  0.000E+00  0.183E-03  0.356E-04
  195   0.778E-01 -0.542E-01  0.000E+00  0.177E-03  0.344E-04
  196   0.765E-01 -0.533E-01  0.000E+00  0.171E-03  0.333E-04
  197   0.752E-01 -0.524E-01  0.000E+00  0.165E-03  0.321E-04
  198   0.739E-01 -0.515E-01  0.000E+00  0.159E-03  0.310E-04
  199   0.727E-01 -0.506E-01  0.000E+00  0.154E-03  0.300E-04
  200   0.714E-01 -0.498E-01  0.000E+00  0.440E-02  0.858E-03


                   LOVE WAVE        MODE #  0
        T = 0.1000E+03 C =    0.4521E+01 U   = 0.4278E+01
        AL= 0.4760E-04 GAMMA= 0.0000E+00 ZREF= 0.0000E+00
    M       UT         TT       DC/DH      DC/DB      DC/DR
    1   0.100E+01  0.000E+00 -0.495E-02  0.810E-02 -0.364E-02
    2   0.100E+01 -0.889E-02 -0.495E-02  0.810E-02 -0.363E-02
    3   0.999E+00 -0.178E-01 -0.495E-02  0.809E-02 -0.362E-02
    4   0.998E+00 -0.267E-01 -0.495E-02  0.808E-02 -0.359E-02
    5   0.996E+00 -0.355E-01 -0.495E-02  0.807E-02 -0.356E-02
    6   0.993E+00 -0.444E-01 -0.495E-02  0.806E-02 -0.352E-02
    7   0.990E+00 -0.532E-01 -0.495E-02  0.805E-02 -0.348E-02
    8   0.987E+00 -0.620E-01 -0.495E-02  0.803E-02 -0.342E-02
    9   0.983E+00 -0.707E-01 -0.495E-02  0.801E-02 -0.336E-02
   10   0.978E+00 -0.795E-01 -0.495E-02  0.799E-02 -0.329E-02
   11   0.973E+00 -0.881E-01 -0.429E-02  0.863E-02 -0.269E-02
   12   0.968E+00 -0.956E-01 -0.354E-02  0.928E-02 -0.208E-02
   13   0.963E+00 -0.102E+00 -0.354E-02  0.923E-02 -0.204E-02
   14   0.959E+00 -0.108E+00 -0.354E-02  0.917E-02 -0.199E-02
   15   0.953E+00 -0.114E+00 -0.354E-02  0.911E-02 -0.194E-02
   16   0.948E+00 -0.120E+00 -0.354E-02  0.905E-02 -0.189E-02
   17   0.942E+00 -0.126E+00 -0.354E-02  0.898E-02 -0.184E-02
   18   0.936E+00 -0.132E+00 -0.217E-02  0.101E-01 -0.918E-03
   19   0.931E+00 -0.135E+00 -0.504E-03  0.114E-01  0.637E-04
   20   0.927E+00 -0.136E+00 -0.504E-03  0.113E-01  0.658E-04
   21   0.923E+00 -0.136E+00 -0.504E-03  0.112E-01  0.679E-04
   22   0.919E+00 -0.136E+00 -0.504E-03  0.111E-01  0.699E-04
   23   0.915E+00 -0.137E+00 -0.504E-03  0.110E-01  0.720E-04
   24   0.911E+00 -0.137E+00 -0.504E-03  0.109E-01  0.741E-04
   25   0.907E+00 -0.138E+00 -0.504E-03  0.108E-01  0.761E-04
   26   0.903E+00 -0.138E+00 -0.504E-03  0.107E-01  0.782E-04
   27   0.899E+00 -0.138E+00 -0.504E-03  0.106E-01  0.802E-04
   28   0.895E+00 -0.139E+00 -0.504E-03  0.105E-01  0.823E-04
   29   0.891E+00 -0.139E+00 -0.504E-03  0.104E-01  0.843E-04
   30   0.886E+00 -0.139E+00 -0.504E-03  0.103E-01  0.863E-04
   31   0.882E+00 -0.140E+00 -0.504E-03  0.103E-01  0.884E-04
   32   0.878E+00 -0.140E+00 -0.504E-03  0.102E-01  0.904E-04
   33   0.874E+00 -0.141E+00 -0.504E-03  0.101E-01  0.924E-04
   34   0.870E+00 -0.141E+00 -0.504E-03  0.998E-02  0.945E-04
   35   0.865E+00 -0.141E+00 -0.504E-03  0.989E-02  0.965E-04
   36   0.861E+00 -0.142E+00 -0.504E-03  0.979E-02  0.985E-04
   37   0.857E+00 -0.142E+00 -0.504E-03  0.970E-02  0.100E-03
   38   0.853E+00 -0.142E+00 -0.504E-03  0.961E-02  0.102E-03
   39   0.848E+00 -0.143E+00 -0.479E-03  0.956E-02  0.116E-03
   40   0.844E+00 -0.143E+00 -0.455E-03  0.951E-02  0.130E-03
   41   0.840E+00 -0.143E+00 -0.455E-03  0.942E-02  0.131E-03
   42   0.836E+00 -0.143E+00 -0.455E-03  0.933E-02  0.132E-03
   43   0.832E+00 -0.144E+00 -0.455E-03  0.924E-02  0.134E-03
   44   0.827E+00 -0.144E+00 -0.455E-03  0.915E-02  0.135E-03
   45   0.823E+00 -0.144E+00 -0.455E-03  0.906E-02  0.137E-03
   46   0.819E+00 -0.144E+00 -0.455E-03  0.897E-02  0.138E-03
   47   0.815E+00 -0.145E+00 -0.455E-03  0.888E-02  0.139E-03
   48   0.810E+00 -0.145E+00 -0.455E-03  0.879E-02  0.141E-03
   49   0.806E+00 -0.145E+00 -0.455E-03  0.871E-02  0.142E-03
   50   0.802E+00 -0.145E+00 -0.455E-03  0.862E-02  0.143E-03
   51   0.797E+00 -0.146E+00 -0.455E-03  0.853E-02  0.145E-03
   52   0.793E+00 -0.146E+00 -0.455E-03  0.844E-02  0.146E-03
   53   0.789E+00 -0.146E+00 -0.455E-03  0.835E-02  0.148E-03
   54   0.785E+00 -0.146E+00 -0.455E-03  0.827E-02  0.149E-03
   55   0.780E+00 -0.147E+00 -0.455E-03  0.818E-02  0.150E-03
   56   0.776E+00 -0.147E+00 -0.455E-03  0.809E-02  0.152E-03
   57   0.772E+00 -0.147E+00 -0.455E-03  0.801E-02  0.153E-03
   58   0.767E+00 -0.147E+00 -0.455E-03  0.792E-02  0.154E-03
   59   0.763E+00 -0.148E+00 -0.455E-03  0.784E-02  0.156E-03
   60   0.759E+00 -0.148E+00 -0.455E-03  0.775E-02  0.157E-03
   61   0.754E+00 -0.148E+00 -0.435E-03  0.772E-02  0.166E-03
   62   0.750E+00 -0.148E+00 -0.415E-03  0.768E-02  0.174E-03
   63   0.746E+00 -0.148E+00 -0.415E-03  0.760E-02  0.175E-03
   64   0.741E+00 -0.148E+00 -0.415E-03  0.752E-02  0.175E-03
   65   0.737E+00 -0.149E+00 -0.415E-03  0.743E-02  0.176E-03
   66   0.733E+00 -0.149E+00 -0.415E-03  0.735E-02  0.177E-03
   67   0.728E+00 -0.149E+00 -0.415E-03  0.727E-02  0.178E-03
   68   0.724E+00 -0.149E+00 -0.415E-03  0.719E-02  0.179E-03
   69   0.720E+00 -0.149E+00 -0.415E-03  0.710E-02  0.179E-03
   70   0.715E+00 -0.149E+00 -0.415E-03  0.702E-02  0.180E-03
   71   0.711E+00 -0.149E+00 -0.415E-03  0.694E-02  0.181E-03
   72   0.707E+00 -0.150E+00 -0.415E-03  0.686E-02  0.182E-03
   73   0.702E+00 -0.150E+00 -0.415E-03  0.678E-02  0.182E-03
   74   0.698E+00 -0.150E+00 -0.415E-03  0.670E-02  0.183E-03
   75   0.694E+00 -0.150E+00 -0.415E-03  0.662E-02  0.184E-03
   76   0.689E+00 -0.150E+00 -0.415E-03  0.655E-02  0.185E-03
   77   0.685E+00 -0.150E+00 -0.415E-03  0.647E-02  0.185E-03
   78   0.681E+00 -0.150E+00 -0.415E-03  0.639E-02  0.186E-03
   79   0.676E+00 -0.151E+00 -0.415E-03  0.631E-02  0.187E-03
   80   0.672E+00 -0.151E+00 -0.415E-03  0.624E-02  0.188E-03
   81   0.667E+00 -0.151E+00 -0.415E-03  0.616E-02  0.188E-03
   82   0.663E+00 -0.151E+00 -0.415E-03  0.608E-02  0.189E-03
   83   0.659E+00 -0.151E+00 -0.403E-03  0.597E-02  0.200E-03
   84   0.654E+00 -0.151E+00 -0.392E-03  0.586E-02  0.211E-03
   85   0.650E+00 -0.151E+00 -0.392E-03  0.579E-02  0.212E-03
   86   0.645E+00 -0.151E+00 -0.392E-03  0.571E-02  0.212E-03
   87   0.641E+00 -0.151E+00 -0.392E-03  0.564E-02  0.212E-03
   88   0.637E+00 -0.151E+00 -0.392E-03  0.557E-02  0.213E-03
   89   0.632E+00 -0.151E+00 -0.392E-03  0.549E-02  0.213E-03
   90   0.628E+00 -0.151E+00 -0.392E-03  0.542E-02  0.213E-03
   91   0.623E+00 -0.151E+00 -0.392E-03  0.535E-02  0.214E-03
   92   0.619E+00 -0.152E+00 -0.392E-03  0.528E-02  0.214E-03
   93   0.614E+00 -0.152E+00 -0.392E-03  0.521E-02  0.214E-03
   94   0.610E+00 -0.152E+00 -0.392E-03  0.514E-02  0.214E-03
   95   0.605E+00 -0.152E+00 -0.392E-03  0.507E-02  0.215E-03
   96   0.601E+00 -0.152E+00 -0.392E-03  0.500E-02  0.215E-03
   97   0.597E+00 -0.152E+00 -0.392E-03  0.493E-02  0.215E-03
   98   0.592E+00 -0.152E+00 -0.392E-03  0.486E-02  0.216E-03
   99   0.588E+00 -0.152E+00 -0.392E-03  0.479E-02  0.216E-03
  100   0.583E+00 -0.152E+00 -0.392E-03  0.472E-02  0.216E-03
  101   0.579E+00 -0.152E+00 -0.392E-03  0.466E-02  0.216E-03
  102   0.574E+00 -0.152E+00 -0.392E-03  0.459E-02  0.217E-03
  103   0.570E+00 -0.152E+00 -0.392E-03  0.453E-02  0.217E-03
  104   0.565E+00 -0.152E+00 -0.392E-03  0.446E-02  0.217E-03
  105   0.561E+00 -0.152E+00 -0.392E-03  0.439E-02  0.218E-03
  106   0.556E+00 -0.152E+00 -0.338E-03  0.435E-02  0.245E-03
  107   0.552E+00 -0.152E+00 -0.285E-03  0.430E-02  0.271E-03
  108   0.548E+00 -0.152E+00 -0.285E-03  0.423E-02  0.270E-03
  109   0.543E+00 -0.152E+00 -0.285E-03  0.417E-02  0.268E-03
  110   0.539E+00 -0.151E+00 -0.285E-03  0.411E-02  0.266E-03
  111   0.535E+00 -0.151E+00 -0.285E-03  0.404E-02  0.265E-03
  112   0.530E+00 -0.151E+00 -0.285E-03  0.398E-02  0.263E-03
  113   0.526E+00 -0.150E+00 -0.285E-03  0.392E-02  0.262E-03
  114   0.522E+00 -0.150E+00 -0.285E-03  0.386E-02  0.260E-03
  115   0.517E+00 -0.150E+00 -0.285E-03  0.380E-02  0.259E-03
  116   0.513E+00 -0.150E+00 -0.285E-03  0.374E-02  0.257E-03
  117   0.509E+00 -0.149E+00 -0.285E-03  0.369E-02  0.256E-03
  118   0.504E+00 -0.149E+00 -0.285E-03  0.363E-02  0.255E-03
  119   0.500E+00 -0.149E+00 -0.285E-03  0.357E-02  0.253E-03
  120   0.496E+00 -0.149E+00 -0.285E-03  0.351E-02  0.252E-03
  121   0.492E+00 -0.148E+00 -0.285E-03  0.346E-02  0.250E-03
  122   0.487E+00 -0.148E+00 -0.285E-03  0.340E-02  0.249E-03
  123   0.483E+00 -0.148E+00 -0.285E-03  0.335E-02  0.248E-03
  124   0.479E+00 -0.148E+00 -0.285E-03  0.329E-02  0.246E-03
  125   0.475E+00 -0.147E+00 -0.285E-03  0.324E-02  0.245E-03
  126   0.470E+00 -0.147E+00 -0.285E-03  0.319E-02  0.243E-03
  127   0.466E+00 -0.147E+00 -0.285E-03  0.313E-02  0.242E-03
  128   0.462E+00 -0.147E+00 -0.285E-03  0.308E-02  0.241E-03
  129   0.458E+00 -0.147E+00 -0.285E-03  0.303E-02  0.240E-03
  130   0.454E+00 -0.146E+00 -0.285E-03  0.298E-02  0.238E-03
  131   0.449E+00 -0.146E+00 -0.216E-03  0.296E-02  0.265E-03
  132   0.445E+00 -0.146E+00 -0.147E-03  0.294E-02  0.291E-03
  133   0.441E+00 -0.145E+00 -0.147E-03  0.289E-02  0.288E-03
  134   0.437E+00 -0.144E+00 -0.147E-03  0.284E-02  0.284E-03
  135   0.434E+00 -0.143E+00 -0.147E-03  0.279E-02  0.281E-03
  136   0.430E+00 -0.143E+00 -0.147E-03  0.275E-02  0.277E-03
  137   0.426E+00 -0.142E+00 -0.147E-03  0.270E-02  0.274E-03
  138   0.422E+00 -0.141E+00 -0.147E-03  0.265E-02  0.270E-03
  139   0.418E+00 -0.141E+00 -0.147E-03  0.261E-02  0.267E-03
  140   0.414E+00 -0.140E+00 -0.147E-03  0.256E-02  0.264E-03
  141   0.410E+00 -0.139E+00 -0.147E-03  0.252E-02  0.260E-03
  142   0.407E+00 -0.139E+00 -0.147E-03  0.247E-02  0.257E-03
  143   0.403E+00 -0.138E+00 -0.147E-03  0.243E-02  0.254E-03
  144   0.399E+00 -0.138E+00 -0.147E-03  0.239E-02  0.251E-03
  145   0.395E+00 -0.137E+00 -0.147E-03  0.234E-02  0.248E-03
  146   0.392E+00 -0.136E+00 -0.147E-03  0.230E-02  0.245E-03
  147   0.388E+00 -0.136E+00 -0.147E-03  0.226E-02  0.242E-03
  148   0.384E+00 -0.135E+00 -0.147E-03  0.222E-02  0.239E-03
  149   0.380E+00 -0.134E+00 -0.147E-03  0.218E-02  0.236E-03
  150   0.377E+00 -0.134E+00 -0.147E-03  0.214E-02  0.233E-03
  151   0.373E+00 -0.133E+00 -0.147E-03  0.210E-02  0.230E-03
  152   0.370E+00 -0.133E+00 -0.147E-03  0.206E-02  0.228E-03
  153   0.366E+00 -0.132E+00 -0.147E-03  0.203E-02  0.225E-03
  154   0.362E+00 -0.132E+00 -0.147E-03  0.199E-02  0.222E-03
  155   0.359E+00 -0.131E+00 -0.147E-03  0.195E-02  0.219E-03
  156   0.355E+00 -0.130E+00 -0.102E-03  0.194E-02  0.234E-03
  157   0.352E+00 -0.130E+00 -0.575E-04  0.192E-02  0.247E-03
  158   0.348E+00 -0.129E+00 -0.575E-04  0.188E-02  0.243E-03
  159   0.345E+00 -0.128E+00 -0.575E-04  0.185E-02  0.239E-03
  160   0.342E+00 -0.127E+00 -0.575E-04  0.182E-02  0.235E-03
  161   0.339E+00 -0.126E+00 -0.575E-04  0.178E-02  0.231E-03
  162   0.335E+00 -0.125E+00 -0.575E-04  0.175E-02  0.228E-03
  163   0.332E+00 -0.124E+00 -0.575E-04  0.172E-02  0.224E-03
  164   0.329E+00 -0.123E+00 -0.575E-04  0.168E-02  0.220E-03
  165   0.326E+00 -0.122E+00 -0.575E-04  0.165E-02  0.217E-03
  166   0.322E+00 -0.122E+00 -0.575E-04  0.162E-02  0.213E-03
  167   0.319E+00 -0.121E+00 -0.575E-04  0.159E-02  0.210E-03
  168   0.316E+00 -0.120E+00 -0.575E-04  0.156E-02  0.206E-03
  169   0.313E+00 -0.119E+00 -0.575E-04  0.153E-02  0.203E-03
  170   0.310E+00 -0.118E+00 -0.575E-04  0.150E-02  0.199E-03
  171   0.307E+00 -0.117E+00 -0.575E-04  0.147E-02  0.196E-03
  172   0.304E+00 -0.116E+00 -0.575E-04  0.145E-02  0.193E-03
  173   0.301E+00 -0.116E+00 -0.575E-04  0.142E-02  0.190E-03
  174   0.298E+00 -0.115E+00 -0.575E-04  0.139E-02  0.187E-03
  175   0.295E+00 -0.114E+00 -0.575E-04  0.136E-02  0.184E-03
  176   0.292E+00 -0.113E+00 -0.575E-04  0.134E-02  0.181E-03
  177   0.289E+00 -0.112E+00 -0.575E-04  0.131E-02  0.178E-03
  178   0.286E+00 -0.112E+00 -0.575E-04  0.129E-02  0.175E-03
  179   0.283E+00 -0.111E+00 -0.575E-04  0.126E-02  0.172E-03
  180   0.280E+00 -0.110E+00 -0.575E-04  0.124E-02  0.169E-03
  181   0.278E+00 -0.109E+00 -0.287E-04  0.123E-02  0.177E-03
  182   0.275E+00 -0.109E+00  0.000E+00  0.122E-02  0.184E-03
  183   0.272E+00 -0.107E+00  0.000E+00  0.119E-02  0.180E-03
  184   0.270E+00 -0.106E+00  0.000E+00  0.117E-02  0.177E-03
  185   0.267E+00 -0.105E+00  0.000E+00  0.115E-02  0.174E-03
  186   0.264E+00 -0.104E+00  0.000E+00  0.112E-02  0.170E-03
  187   0.262E+00 -0.103E+00  0.000E+00  0.110E-02  0.167E-03
  188   0.259E+00 -0.102E+00  0.000E+00  0.108E-02  0.164E-03
  189   0.257E+00 -0.101E+00  0.000E+00  0.106E-02  0.161E-03
  190   0.254E+00 -0.100E+00  0.000E+00  0.104E-02  0.157E-03
  191   0.252E+00 -0.994E-01  0.000E+00  0.102E-02  0.154E-03
  192   0.249E+00 -0.985E-01  0.000E+00  0.100E-02  0.151E-03
  193   0.247E+00 -0.975E-01  0.000E+00  0.981E-03  0.149E-03
  194   0.245E+00 -0.966E-01  0.000E+00  0.962E-03  0.146E-03
  195   0.242E+00 -0.956E-01  0.000E+00  0.943E-03  0.143E-03
  196   0.240E+00 -0.947E-01  0.000E+00  0.925E-03  0.140E-03
  197   0.238E+00 -0.938E-01  0.000E+00  0.907E-03  0.137E-03
  198   0.235E+00 -0.929E-01  0.000E+00  0.890E-03  0.135E-03
  199   0.233E+00 -0.920E-01  0.000E+00  0.873E-03  0.132E-03
  200   0.231E+00 -0.911E-01  0.000E+00  0.444E-01  0.672E-02


                   LOVE WAVE        MODE #  0
        T = 0.1250E+03 C =    0.4577E+01 U   = 0.4342E+01
        AL= 0.3525E-04 GAMMA= 0.0000E+00 ZREF= 0.0000E+00
    M       UT         TT       DC/DH      DC/DB      DC/DR
    1   0.100E+01  0.000E+00 -0.394E-02  0.607E-02 -0.290E-02
    2   0.100E+01 -0.589E-02 -0.394E-02  0.607E-02 -0.289E-02
    3   0.999E+00 -0.118E-01 -0.394E-02  0.607E-02 -0.288E-02
    4   0.998E+00 -0.177E-01 -0.394E-02  0.607E-02 -0.287E-02
    5   0.997E+00 -0.235E-01 -0.394E-02  0.606E-02 -0.285E-02
    6   0.995E+00 -0.294E-01 -0.394E-02  0.606E-02 -0.283E-02
    7   0.993E+00 -0.353E-01 -0.394E-02  0.605E-02 -0.281E-02
    8   0.991E+00 -0.411E-01 -0.394E-02  0.604E-02 -0.278E-02
    9   0.988E+00 -0.469E-01 -0.394E-02  0.603E-02 -0.275E-02
   10   0.985E+00 -0.528E-01 -0.394E-02  0.603E-02 -0.271E-02
   11   0.982E+00 -0.585E-01 -0.345E-02  0.654E-02 -0.226E-02
   12   0.979E+00 -0.636E-01 -0.289E-02  0.707E-02 -0.180E-02
   13   0.976E+00 -0.678E-01 -0.289E-02  0.704E-02 -0.177E-02
   14   0.972E+00 -0.720E-01 -0.289E-02  0.701E-02 -0.175E-02
   15   0.969E+00 -0.762E-01 -0.289E-02  0.699E-02 -0.172E-02
   16   0.965E+00 -0.804E-01 -0.289E-02  0.695E-02 -0.169E-02
   17   0.962E+00 -0.845E-01 -0.289E-02  0.692E-02 -0.166E-02
   18   0.958E+00 -0.887E-01 -0.185E-02  0.788E-02 -0.928E-03
   19   0.954E+00 -0.913E-01 -0.574E-03  0.891E-02 -0.144E-03
   20   0.952E+00 -0.919E-01 -0.574E-03  0.886E-02 -0.141E-03
   21   0.949E+00 -0.925E-01 -0.574E-03  0.881E-02 -0.138E-03
   22   0.946E+00 -0.932E-01 -0.574E-03  0.876E-02 -0.135E-03
   23   0.943E+00 -0.938E-01 -0.574E-03  0.872E-02 -0.132E-03
   24   0.940E+00 -0.944E-01 -0.574E-03  0.867E-02 -0.130E-03
   25   0.938E+00 -0.951E-01 -0.574E-03  0.862E-02 -0.127E-03
   26   0.935E+00 -0.957E-01 -0.574E-03  0.857E-02 -0.124E-03
   27   0.932E+00 -0.963E-01 -0.574E-03  0.852E-02 -0.121E-03
   28   0.929E+00 -0.969E-01 -0.574E-03  0.847E-02 -0.118E-03
   29   0.926E+00 -0.976E-01 -0.574E-03  0.842E-02 -0.115E-03
   30   0.923E+00 -0.982E-01 -0.574E-03  0.837E-02 -0.112E-03
   31   0.920E+00 -0.988E-01 -0.574E-03  0.832E-02 -0.109E-03
   32   0.917E+00 -0.994E-01 -0.574E-03  0.827E-02 -0.106E-03
   33   0.914E+00 -0.100E+00 -0.574E-03  0.822E-02 -0.104E-03
   34   0.911E+00 -0.101E+00 -0.574E-03  0.817E-02 -0.101E-03
   35   0.908E+00 -0.101E+00 -0.574E-03  0.812E-02 -0.976E-04
   36   0.905E+00 -0.102E+00 -0.574E-03  0.807E-02 -0.947E-04
   37   0.902E+00 -0.102E+00 -0.574E-03  0.801E-02 -0.917E-04
   38   0.899E+00 -0.103E+00 -0.574E-03  0.796E-02 -0.887E-04
   39   0.896E+00 -0.104E+00 -0.555E-03  0.795E-02 -0.755E-04
   40   0.893E+00 -0.104E+00 -0.536E-03  0.793E-02 -0.625E-04
   41   0.890E+00 -0.105E+00 -0.536E-03  0.788E-02 -0.598E-04
   42   0.887E+00 -0.105E+00 -0.536E-03  0.783E-02 -0.572E-04
   43   0.884E+00 -0.106E+00 -0.536E-03  0.778E-02 -0.546E-04
   44   0.881E+00 -0.106E+00 -0.536E-03  0.773E-02 -0.519E-04
   45   0.877E+00 -0.107E+00 -0.536E-03  0.768E-02 -0.493E-04
   46   0.874E+00 -0.107E+00 -0.536E-03  0.762E-02 -0.466E-04
   47   0.871E+00 -0.108E+00 -0.536E-03  0.757E-02 -0.439E-04
   48   0.868E+00 -0.108E+00 -0.536E-03  0.752E-02 -0.413E-04
   49   0.865E+00 -0.109E+00 -0.536E-03  0.747E-02 -0.386E-04
   50   0.861E+00 -0.110E+00 -0.536E-03  0.742E-02 -0.359E-04
   51   0.858E+00 -0.110E+00 -0.536E-03  0.736E-02 -0.333E-04
   52   0.855E+00 -0.111E+00 -0.536E-03  0.731E-02 -0.306E-04
   53   0.852E+00 -0.111E+00 -0.536E-03  0.726E-02 -0.279E-04
   54   0.848E+00 -0.112E+00 -0.536E-03  0.721E-02 -0.252E-04
   55   0.845E+00 -0.112E+00 -0.536E-03  0.715E-02 -0.225E-04
   56   0.842E+00 -0.113E+00 -0.536E-03  0.710E-02 -0.199E-04
   57   0.839E+00 -0.113E+00 -0.536E-03  0.705E-02 -0.172E-04
   58   0.835E+00 -0.114E+00 -0.536E-03  0.700E-02 -0.145E-04
   59   0.832E+00 -0.114E+00 -0.536E-03  0.694E-02 -0.118E-04
   60   0.828E+00 -0.115E+00 -0.536E-03  0.689E-02 -0.912E-05
   61   0.825E+00 -0.115E+00 -0.519E-03  0.688E-02  0.675E-06
   62   0.822E+00 -0.116E+00 -0.503E-03  0.688E-02  0.103E-04
   63   0.818E+00 -0.116E+00 -0.503E-03  0.682E-02  0.126E-04
   64   0.815E+00 -0.116E+00 -0.503E-03  0.677E-02  0.149E-04
   65   0.812E+00 -0.117E+00 -0.503E-03  0.672E-02  0.173E-04
   66   0.808E+00 -0.117E+00 -0.503E-03  0.667E-02  0.196E-04
   67   0.805E+00 -0.118E+00 -0.503E-03  0.661E-02  0.219E-04
   68   0.801E+00 -0.118E+00 -0.503E-03  0.656E-02  0.243E-04
   69   0.798E+00 -0.119E+00 -0.503E-03  0.651E-02  0.266E-04
   70   0.794E+00 -0.119E+00 -0.503E-03  0.646E-02  0.289E-04
   71   0.791E+00 -0.120E+00 -0.503E-03  0.640E-02  0.313E-04
   72   0.788E+00 -0.120E+00 -0.503E-03  0.635E-02  0.336E-04
   73   0.784E+00 -0.120E+00 -0.503E-03  0.630E-02  0.359E-04
   74   0.781E+00 -0.121E+00 -0.503E-03  0.625E-02  0.382E-04
   75   0.777E+00 -0.121E+00 -0.503E-03  0.619E-02  0.406E-04
   76   0.774E+00 -0.122E+00 -0.503E-03  0.614E-02  0.429E-04
   77   0.770E+00 -0.122E+00 -0.503E-03  0.609E-02  0.452E-04
   78   0.766E+00 -0.122E+00 -0.503E-03  0.604E-02  0.475E-04
   79   0.763E+00 -0.123E+00 -0.503E-03  0.599E-02  0.498E-04
   80   0.759E+00 -0.123E+00 -0.503E-03  0.593E-02  0.521E-04
   81   0.756E+00 -0.124E+00 -0.503E-03  0.588E-02  0.544E-04
   82   0.752E+00 -0.124E+00 -0.503E-03  0.583E-02  0.567E-04
   83   0.749E+00 -0.124E+00 -0.490E-03  0.574E-02  0.688E-04
   84   0.745E+00 -0.125E+00 -0.478E-03  0.566E-02  0.807E-04
   85   0.741E+00 -0.125E+00 -0.478E-03  0.561E-02  0.827E-04
   86   0.738E+00 -0.126E+00 -0.478E-03  0.555E-02  0.848E-04
   87   0.734E+00 -0.126E+00 -0.478E-03  0.550E-02  0.868E-04
   88   0.730E+00 -0.126E+00 -0.478E-03  0.545E-02  0.888E-04
   89   0.726E+00 -0.127E+00 -0.478E-03  0.540E-02  0.908E-04
   90   0.723E+00 -0.127E+00 -0.478E-03  0.535E-02  0.928E-04
   91   0.719E+00 -0.127E+00 -0.478E-03  0.530E-02  0.948E-04
   92   0.715E+00 -0.128E+00 -0.478E-03  0.525E-02  0.968E-04
   93   0.712E+00 -0.128E+00 -0.478E-03  0.520E-02  0.987E-04
   94   0.708E+00 -0.128E+00 -0.478E-03  0.515E-02  0.101E-03
   95   0.704E+00 -0.129E+00 -0.478E-03  0.510E-02  0.103E-03
   96   0.700E+00 -0.129E+00 -0.478E-03  0.505E-02  0.105E-03
   97   0.696E+00 -0.129E+00 -0.478E-03  0.500E-02  0.107E-03
   98   0.693E+00 -0.130E+00 -0.478E-03  0.495E-02  0.109E-03
   99   0.689E+00 -0.130E+00 -0.478E-03  0.490E-02  0.111E-03
  100   0.685E+00 -0.130E+00 -0.478E-03  0.485E-02  0.112E-03
  101   0.681E+00 -0.131E+00 -0.478E-03  0.480E-02  0.114E-03
  102   0.677E+00 -0.131E+00 -0.478E-03  0.475E-02  0.116E-03
  103   0.674E+00 -0.131E+00 -0.478E-03  0.470E-02  0.118E-03
  104   0.670E+00 -0.131E+00 -0.478E-03  0.465E-02  0.120E-03
  105   0.666E+00 -0.132E+00 -0.478E-03  0.460E-02  0.122E-03
  106   0.662E+00 -0.132E+00 -0.421E-03  0.457E-02  0.153E-03
  107   0.658E+00 -0.132E+00 -0.365E-03  0.454E-02  0.184E-03
  108   0.654E+00 -0.132E+00 -0.365E-03  0.449E-02  0.184E-03
  109   0.651E+00 -0.132E+00 -0.365E-03  0.444E-02  0.184E-03
  110   0.647E+00 -0.132E+00 -0.365E-03  0.439E-02  0.185E-03
  111   0.643E+00 -0.133E+00 -0.365E-03  0.434E-02  0.185E-03
  112   0.639E+00 -0.133E+00 -0.365E-03  0.430E-02  0.186E-03
  113   0.635E+00 -0.133E+00 -0.365E-03  0.425E-02  0.186E-03
  114   0.632E+00 -0.133E+00 -0.365E-03  0.420E-02  0.186E-03
  115   0.628E+00 -0.133E+00 -0.365E-03  0.416E-02  0.187E-03
  116   0.624E+00 -0.133E+00 -0.365E-03  0.411E-02  0.187E-03
  117   0.620E+00 -0.133E+00 -0.365E-03  0.406E-02  0.188E-03
  118   0.616E+00 -0.133E+00 -0.365E-03  0.402E-02  0.188E-03
  119   0.612E+00 -0.133E+00 -0.365E-03  0.397E-02  0.188E-03
  120   0.609E+00 -0.133E+00 -0.365E-03  0.393E-02  0.189E-03
  121   0.605E+00 -0.133E+00 -0.365E-03  0.388E-02  0.189E-03
  122   0.601E+00 -0.133E+00 -0.365E-03  0.384E-02  0.189E-03
  123   0.597E+00 -0.133E+00 -0.365E-03  0.379E-02  0.190E-03
  124   0.593E+00 -0.133E+00 -0.365E-03  0.375E-02  0.190E-03
  125   0.590E+00 -0.133E+00 -0.365E-03  0.370E-02  0.190E-03
  126   0.586E+00 -0.133E+00 -0.365E-03  0.366E-02  0.191E-03
  127   0.582E+00 -0.133E+00 -0.365E-03  0.361E-02  0.191E-03
  128   0.578E+00 -0.134E+00 -0.365E-03  0.357E-02  0.192E-03
  129   0.574E+00 -0.134E+00 -0.365E-03  0.353E-02  0.192E-03
  130   0.570E+00 -0.134E+00 -0.365E-03  0.348E-02  0.192E-03
  131   0.567E+00 -0.134E+00 -0.285E-03  0.348E-02  0.228E-03
  132   0.563E+00 -0.134E+00 -0.205E-03  0.348E-02  0.262E-03
  133   0.559E+00 -0.133E+00 -0.205E-03  0.344E-02  0.261E-03
  134   0.556E+00 -0.133E+00 -0.205E-03  0.340E-02  0.259E-03
  135   0.552E+00 -0.133E+00 -0.205E-03  0.335E-02  0.257E-03
  136   0.548E+00 -0.132E+00 -0.205E-03  0.331E-02  0.255E-03
  137   0.545E+00 -0.132E+00 -0.205E-03  0.327E-02  0.253E-03
  138   0.541E+00 -0.132E+00 -0.205E-03  0.323E-02  0.252E-03
  139   0.537E+00 -0.131E+00 -0.205E-03  0.319E-02  0.250E-03
  140   0.534E+00 -0.131E+00 -0.205E-03  0.315E-02  0.248E-03
  141   0.530E+00 -0.131E+00 -0.205E-03  0.311E-02  0.247E-03
  142   0.527E+00 -0.130E+00 -0.205E-03  0.307E-02  0.245E-03
  143   0.523E+00 -0.130E+00 -0.205E-03  0.303E-02  0.243E-03
  144   0.520E+00 -0.130E+00 -0.205E-03  0.299E-02  0.242E-03
  145   0.516E+00 -0.130E+00 -0.205E-03  0.295E-02  0.240E-03
  146   0.513E+00 -0.129E+00 -0.205E-03  0.292E-02  0.238E-03
  147   0.509E+00 -0.129E+00 -0.205E-03  0.288E-02  0.237E-03
  148   0.506E+00 -0.129E+00 -0.205E-03  0.284E-02  0.235E-03
  149   0.502E+00 -0.128E+00 -0.205E-03  0.281E-02  0.233E-03
  150   0.499E+00 -0.128E+00 -0.205E-03  0.277E-02  0.232E-03
  151   0.495E+00 -0.128E+00 -0.205E-03  0.273E-02  0.230E-03
  152   0.492E+00 -0.128E+00 -0.205E-03  0.270E-02  0.229E-03
  153   0.488E+00 -0.127E+00 -0.205E-03  0.266E-02  0.227E-03
  154   0.485E+00 -0.127E+00 -0.205E-03  0.263E-02  0.226E-03
  155   0.481E+00 -0.127E+00 -0.205E-03  0.259E-02  0.224E-03
  156   0.478E+00 -0.126E+00 -0.146E-03  0.258E-02  0.247E-03
  157   0.474E+00 -0.126E+00 -0.869E-04  0.258E-02  0.269E-03
  158   0.471E+00 -0.125E+00 -0.869E-04  0.255E-02  0.266E-03
  159   0.468E+00 -0.125E+00 -0.869E-04  0.251E-02  0.263E-03
  160   0.465E+00 -0.124E+00 -0.869E-04  0.248E-02  0.260E-03
  161   0.461E+00 -0.124E+00 -0.869E-04  0.244E-02  0.257E-03
  162   0.458E+00 -0.123E+00 -0.869E-04  0.241E-02  0.254E-03
  163   0.455E+00 -0.123E+00 -0.869E-04  0.238E-02  0.251E-03
  164   0.452E+00 -0.122E+00 -0.869E-04  0.235E-02  0.249E-03
  165   0.449E+00 -0.121E+00 -0.869E-04  0.232E-02  0.246E-03
  166   0.446E+00 -0.121E+00 -0.869E-04  0.228E-02  0.243E-03
  167   0.442E+00 -0.120E+00 -0.869E-04  0.225E-02  0.240E-03
  168   0.439E+00 -0.120E+00 -0.869E-04  0.222E-02  0.238E-03
  169   0.436E+00 -0.119E+00 -0.869E-04  0.219E-02  0.235E-03
  170   0.433E+00 -0.119E+00 -0.869E-04  0.216E-02  0.233E-03
  171   0.430E+00 -0.118E+00 -0.869E-04  0.213E-02  0.230E-03
  172   0.427E+00 -0.118E+00 -0.869E-04  0.210E-02  0.227E-03
  173   0.424E+00 -0.117E+00 -0.869E-04  0.207E-02  0.225E-03
  174   0.421E+00 -0.117E+00 -0.869E-04  0.205E-02  0.222E-03
  175   0.418E+00 -0.116E+00 -0.869E-04  0.202E-02  0.220E-03
  176   0.415E+00 -0.115E+00 -0.869E-04  0.199E-02  0.218E-03
  177   0.412E+00 -0.115E+00 -0.869E-04  0.196E-02  0.215E-03
  178   0.409E+00 -0.114E+00 -0.869E-04  0.194E-02  0.213E-03
  179   0.406E+00 -0.114E+00 -0.869E-04  0.191E-02  0.210E-03
  180   0.403E+00 -0.113E+00 -0.869E-04  0.188E-02  0.208E-03
  181   0.400E+00 -0.113E+00 -0.435E-04  0.188E-02  0.223E-03
  182   0.397E+00 -0.112E+00  0.000E+00  0.187E-02  0.237E-03
  183   0.395E+00 -0.111E+00  0.000E+00  0.185E-02  0.234E-03
  184   0.392E+00 -0.111E+00  0.000E+00  0.182E-02  0.231E-03
  185   0.389E+00 -0.110E+00  0.000E+00  0.179E-02  0.227E-03
  186   0.386E+00 -0.109E+00  0.000E+00  0.177E-02  0.224E-03
  187   0.384E+00 -0.108E+00  0.000E+00  0.175E-02  0.221E-03
  188   0.381E+00 -0.108E+00  0.000E+00  0.172E-02  0.218E-03
  189   0.378E+00 -0.107E+00  0.000E+00  0.170E-02  0.215E-03
  190   0.376E+00 -0.106E+00  0.000E+00  0.167E-02  0.212E-03
  191   0.373E+00 -0.105E+00  0.000E+00  0.165E-02  0.209E-03
  192   0.371E+00 -0.105E+00  0.000E+00  0.163E-02  0.206E-03
  193   0.368E+00 -0.104E+00  0.000E+00  0.161E-02  0.203E-03
  194   0.365E+00 -0.103E+00  0.000E+00  0.158E-02  0.201E-03
  195   0.363E+00 -0.103E+00  0.000E+00  0.156E-02  0.198E-03
  196   0.360E+00 -0.102E+00  0.000E+00  0.154E-02  0.195E-03
  197   0.358E+00 -0.101E+00  0.000E+00  0.152E-02  0.192E-03
  198   0.355E+00 -0.100E+00  0.000E+00  0.150E-02  0.190E-03
  199   0.353E+00 -0.997E-01  0.000E+00  0.148E-02  0.187E-03
  200   0.350E+00 -0.990E-01  0.000E+00  0.105E+00  0.133E-01
