

                     LOVE WAVE        MODE #  0

    N     T          F            C            U           ARE        GAMMA
    1  25.00     0.4000E-01   3.9771       3.4800      0.48693E-03  0.00000E+00
    2  40.00     0.2500E-01   4.2297       3.8157      0.22408E-03  0.00000E+00
    3  67.00     0.1493E-01   4.4141       4.1464      0.85951E-04  0.00000E+00
    4  100.0     0.1000E-01   4.5207       4.2785      0.47601E-04  0.00000E+00
    5  125.0     0.8000E-02   4.5770       4.3416      0.35254E-04  0.00000E+00
