

                        RAYLEIGH WAVE      MODE #  0
    N     T          F            C            U           ARE        GAMMA        ELP
    1 0.2000      5.000       3.1660       3.1660      0.58787E-01  0.00000E+00  0.69385    
    2 0.2004      4.990       3.1660       3.1660      0.58672E-01  0.00000E+00  0.69385    
    3 0.2008      4.980       3.1660       3.1660      0.58557E-01  0.00000E+00  0.69385    
    4 0.2012      4.971       3.1660       3.1660      0.58443E-01  0.00000E+00  0.69385    
    5 0.2016      4.961       3.1660       3.1660      0.58328E-01  0.00000E+00  0.69385    
    6 0.2020      4.951       3.1660       3.1660      0.58213E-01  0.00000E+00  0.69385    
    7 0.2024      4.941       3.1660       3.1660      0.58098E-01  0.00000E+00  0.69385    
    8 0.2028      4.932       3.1660       3.1660      0.57983E-01  0.00000E+00  0.69385    
    9 0.2032      4.922       3.1660       3.1660      0.57868E-01  0.00000E+00  0.69385    
   10 0.2036      4.912       3.1660       3.1660      0.57754E-01  0.00000E+00  0.69385    
   11 0.2040      4.902       3.1660       3.1660      0.57639E-01  0.00000E+00  0.69385    
   12 0.2044      4.893       3.1660       3.1660      0.57524E-01  0.00000E+00  0.69385    
   13 0.2048      4.883       3.1660       3.1660      0.57409E-01  0.00000E+00  0.69385    
   14 0.2052      4.873       3.1660       3.1660      0.57294E-01  0.00000E+00  0.69385    
   15 0.2056      4.863       3.1660       3.1660      0.57180E-01  0.00000E+00  0.69385    
   16 0.2060      4.854       3.1660       3.1660      0.57065E-01  0.00000E+00  0.69385    
   17 0.2065      4.844       3.1660       3.1660      0.56950E-01  0.00000E+00  0.69385    
   18 0.2069      4.834       3.1660       3.1660      0.56835E-01  0.00000E+00  0.69385    
   19 0.2073      4.824       3.1660       3.1660      0.56720E-01  0.00000E+00  0.69385    
   20 0.2077      4.814       3.1660       3.1660      0.56605E-01  0.00000E+00  0.69385    
   21 0.2081      4.805       3.1660       3.1660      0.56491E-01  0.00000E+00  0.69385    
   22 0.2086      4.795       3.1660       3.1660      0.56376E-01  0.00000E+00  0.69385    
   23 0.2090      4.785       3.1660       3.1660      0.56261E-01  0.00000E+00  0.69385    
   24 0.2094      4.775       3.1660       3.1660      0.56146E-01  0.00000E+00  0.69385    
   25 0.2098      4.766       3.1660       3.1660      0.56031E-01  0.00000E+00  0.69385    
   26 0.2103      4.756       3.1660       3.1660      0.55917E-01  0.00000E+00  0.69385    
   27 0.2107      4.746       3.1660       3.1660      0.55802E-01  0.00000E+00  0.69385    
   28 0.2111      4.736       3.1660       3.1660      0.55687E-01  0.00000E+00  0.69385    
   29 0.2116      4.727       3.1660       3.1660      0.55572E-01  0.00000E+00  0.69385    
   30 0.2120      4.717       3.1660       3.1660      0.55457E-01  0.00000E+00  0.69385    
   31 0.2124      4.707       3.1660       3.1660      0.55342E-01  0.00000E+00  0.69385    
   32 0.2129      4.697       3.1660       3.1660      0.55228E-01  0.00000E+00  0.69385    
   33 0.2133      4.688       3.1660       3.1660      0.55113E-01  0.00000E+00  0.69385    
   34 0.2138      4.678       3.1660       3.1660      0.54998E-01  0.00000E+00  0.69385    
   35 0.2142      4.668       3.1660       3.1660      0.54883E-01  0.00000E+00  0.69385    
   36 0.2147      4.658       3.1660       3.1660      0.54768E-01  0.00000E+00  0.69385    
   37 0.2151      4.648       3.1660       3.1660      0.54654E-01  0.00000E+00  0.69385    
   38 0.2156      4.639       3.1660       3.1660      0.54539E-01  0.00000E+00  0.69385    
   39 0.2160      4.629       3.1660       3.1660      0.54424E-01  0.00000E+00  0.69385    
   40 0.2165      4.619       3.1660       3.1660      0.54309E-01  0.00000E+00  0.69385    
   41 0.2169      4.609       3.1660       3.1660      0.54194E-01  0.00000E+00  0.69385    
   42 0.2174      4.600       3.1660       3.1660      0.54079E-01  0.00000E+00  0.69385    
   43 0.2179      4.590       3.1660       3.1660      0.53965E-01  0.00000E+00  0.69385    
   44 0.2183      4.580       3.1660       3.1660      0.53850E-01  0.00000E+00  0.69385    
   45 0.2188      4.570       3.1660       3.1660      0.53735E-01  0.00000E+00  0.69385    
   46 0.2193      4.561       3.1660       3.1660      0.53620E-01  0.00000E+00  0.69385    
   47 0.2197      4.551       3.1660       3.1660      0.53505E-01  0.00000E+00  0.69385    
   48 0.2202      4.541       3.1660       3.1660      0.53391E-01  0.00000E+00  0.69385    
   49 0.2207      4.531       3.1660       3.1660      0.53276E-01  0.00000E+00  0.69385    
   50 0.2212      4.521       3.1660       3.1660      0.53161E-01  0.00000E+00  0.69385    
   51 0.2216      4.512       3.1660       3.1660      0.53046E-01  0.00000E+00  0.69385    
   52 0.2221      4.502       3.1660       3.1660      0.52931E-01  0.00000E+00  0.69385    
   53 0.2226      4.492       3.1660       3.1660      0.52816E-01  0.00000E+00  0.69385    
   54 0.2231      4.482       3.1660       3.1660      0.52702E-01  0.00000E+00  0.69385    
   55 0.2236      4.473       3.1660       3.1660      0.52587E-01  0.00000E+00  0.69385    
   56 0.2241      4.463       3.1660       3.1660      0.52472E-01  0.00000E+00  0.69385    
   57 0.2246      4.453       3.1660       3.1660      0.52357E-01  0.00000E+00  0.69385    
   58 0.2251      4.443       3.1660       3.1660      0.52242E-01  0.00000E+00  0.69385    
   59 0.2256      4.434       3.1660       3.1660      0.52128E-01  0.00000E+00  0.69385    
   60 0.2260      4.424       3.1660       3.1660      0.52013E-01  0.00000E+00  0.69385    
   61 0.2265      4.414       3.1660       3.1660      0.51898E-01  0.00000E+00  0.69385    
   62 0.2271      4.404       3.1660       3.1660      0.51783E-01  0.00000E+00  0.69385    
   63 0.2276      4.395       3.1660       3.1660      0.51668E-01  0.00000E+00  0.69385    
   64 0.2281      4.385       3.1660       3.1660      0.51553E-01  0.00000E+00  0.69385    
   65 0.2286      4.375       3.1660       3.1660      0.51439E-01  0.00000E+00  0.69385    
   66 0.2291      4.365       3.1660       3.1660      0.51324E-01  0.00000E+00  0.69385    
   67 0.2296      4.355       3.1660       3.1660      0.51209E-01  0.00000E+00  0.69385    
   68 0.2301      4.346       3.1660       3.1660      0.51094E-01  0.00000E+00  0.69385    
   69 0.2306      4.336       3.1660       3.1660      0.50979E-01  0.00000E+00  0.69385    
   70 0.2312      4.326       3.1660       3.1660      0.50865E-01  0.00000E+00  0.69385    
   71 0.2317      4.316       3.1660       3.1660      0.50750E-01  0.00000E+00  0.69385    
   72 0.2322      4.307       3.1660       3.1660      0.50635E-01  0.00000E+00  0.69385    
   73 0.2327      4.297       3.1660       3.1660      0.50520E-01  0.00000E+00  0.69385    
   74 0.2333      4.287       3.1660       3.1660      0.50405E-01  0.00000E+00  0.69385    
   75 0.2338      4.277       3.1660       3.1660      0.50290E-01  0.00000E+00  0.69385    
   76 0.2343      4.268       3.1660       3.1660      0.50176E-01  0.00000E+00  0.69385    
   77 0.2349      4.258       3.1660       3.1660      0.50061E-01  0.00000E+00  0.69385    
   78 0.2354      4.248       3.1660       3.1660      0.49946E-01  0.00000E+00  0.69385    
   79 0.2359      4.238       3.1660       3.1660      0.49831E-01  0.00000E+00  0.69385    
   80 0.2365      4.229       3.1660       3.1660      0.49716E-01  0.00000E+00  0.69385    
   81 0.2370      4.219       3.1660       3.1660      0.49602E-01  0.00000E+00  0.69385    
   82 0.2376      4.209       3.1660       3.1660      0.49487E-01  0.00000E+00  0.69385    
   83 0.2381      4.199       3.1660       3.1660      0.49372E-01  0.00000E+00  0.69385    
   84 0.2387      4.189       3.1660       3.1660      0.49257E-01  0.00000E+00  0.69385    
   85 0.2393      4.180       3.1660       3.1660      0.49142E-01  0.00000E+00  0.69385    
   86 0.2398      4.170       3.1660       3.1660      0.49027E-01  0.00000E+00  0.69385    
   87 0.2404      4.160       3.1660       3.1660      0.48913E-01  0.00000E+00  0.69385    
   88 0.2409      4.150       3.1660       3.1660      0.48798E-01  0.00000E+00  0.69385    
   89 0.2415      4.141       3.1660       3.1660      0.48683E-01  0.00000E+00  0.69385    
   90 0.2421      4.131       3.1660       3.1660      0.48568E-01  0.00000E+00  0.69385    
   91 0.2427      4.121       3.1660       3.1660      0.48453E-01  0.00000E+00  0.69385    
   92 0.2432      4.111       3.1660       3.1660      0.48339E-01  0.00000E+00  0.69385    
   93 0.2438      4.102       3.1660       3.1660      0.48224E-01  0.00000E+00  0.69385    
   94 0.2444      4.092       3.1660       3.1660      0.48109E-01  0.00000E+00  0.69385    
   95 0.2450      4.082       3.1660       3.1660      0.47994E-01  0.00000E+00  0.69385    
   96 0.2456      4.072       3.1660       3.1660      0.47879E-01  0.00000E+00  0.69385    
   97 0.2462      4.062       3.1660       3.1660      0.47764E-01  0.00000E+00  0.69385    
   98 0.2467      4.053       3.1660       3.1660      0.47650E-01  0.00000E+00  0.69385    
   99 0.2473      4.043       3.1660       3.1660      0.47535E-01  0.00000E+00  0.69385    
  100 0.2479      4.033       3.1660       3.1660      0.47420E-01  0.00000E+00  0.69385    
  101 0.2485      4.023       3.1660       3.1660      0.47305E-01  0.00000E+00  0.69385    
  102 0.2491      4.014       3.1660       3.1660      0.47190E-01  0.00000E+00  0.69385    
  103 0.2498      4.004       3.1660       3.1660      0.47076E-01  0.00000E+00  0.69385    
  104 0.2504      3.994       3.1660       3.1660      0.46961E-01  0.00000E+00  0.69385    
  105 0.2510      3.984       3.1660       3.1660      0.46846E-01  0.00000E+00  0.69385    
  106 0.2516      3.975       3.1660       3.1660      0.46731E-01  0.00000E+00  0.69385    
  107 0.2522      3.965       3.1660       3.1660      0.46616E-01  0.00000E+00  0.69385    
  108 0.2528      3.955       3.1660       3.1660      0.46501E-01  0.00000E+00  0.69385    
  109 0.2535      3.945       3.1660       3.1660      0.46387E-01  0.00000E+00  0.69385    
  110 0.2541      3.936       3.1660       3.1660      0.46272E-01  0.00000E+00  0.69385    
  111 0.2547      3.926       3.1660       3.1660      0.46157E-01  0.00000E+00  0.69385    
  112 0.2554      3.916       3.1660       3.1660      0.46042E-01  0.00000E+00  0.69385    
  113 0.2560      3.906       3.1660       3.1660      0.45927E-01  0.00000E+00  0.69385    
  114 0.2566      3.896       3.1660       3.1660      0.45813E-01  0.00000E+00  0.69385    
  115 0.2573      3.887       3.1660       3.1660      0.45698E-01  0.00000E+00  0.69385    
  116 0.2579      3.877       3.1660       3.1660      0.45583E-01  0.00000E+00  0.69385    
  117 0.2586      3.867       3.1660       3.1660      0.45468E-01  0.00000E+00  0.69385    
  118 0.2592      3.857       3.1660       3.1660      0.45353E-01  0.00000E+00  0.69385    
  119 0.2599      3.848       3.1660       3.1660      0.45238E-01  0.00000E+00  0.69385    
  120 0.2606      3.838       3.1660       3.1660      0.45124E-01  0.00000E+00  0.69385    
  121 0.2612      3.828       3.1660       3.1660      0.45009E-01  0.00000E+00  0.69385    
  122 0.2619      3.818       3.1660       3.1660      0.44894E-01  0.00000E+00  0.69385    
  123 0.2626      3.809       3.1660       3.1660      0.44779E-01  0.00000E+00  0.69385    
  124 0.2632      3.799       3.1660       3.1660      0.44664E-01  0.00000E+00  0.69385    
  125 0.2639      3.789       3.1660       3.1660      0.44550E-01  0.00000E+00  0.69385    
  126 0.2646      3.779       3.1660       3.1660      0.44435E-01  0.00000E+00  0.69385    
  127 0.2653      3.770       3.1660       3.1660      0.44320E-01  0.00000E+00  0.69385    
  128 0.2660      3.760       3.1660       3.1660      0.44205E-01  0.00000E+00  0.69385    
  129 0.2667      3.750       3.1660       3.1660      0.44090E-01  0.00000E+00  0.69385    
  130 0.2674      3.740       3.1660       3.1660      0.43975E-01  0.00000E+00  0.69385    
  131 0.2681      3.730       3.1660       3.1660      0.43861E-01  0.00000E+00  0.69385    
  132 0.2688      3.721       3.1660       3.1660      0.43746E-01  0.00000E+00  0.69385    
  133 0.2695      3.711       3.1660       3.1660      0.43631E-01  0.00000E+00  0.69385    
  134 0.2702      3.701       3.1660       3.1660      0.43516E-01  0.00000E+00  0.69385    
  135 0.2709      3.691       3.1660       3.1660      0.43401E-01  0.00000E+00  0.69385    
  136 0.2716      3.682       3.1660       3.1660      0.43287E-01  0.00000E+00  0.69385    
  137 0.2723      3.672       3.1660       3.1660      0.43172E-01  0.00000E+00  0.69385    
  138 0.2731      3.662       3.1660       3.1660      0.43057E-01  0.00000E+00  0.69385    
  139 0.2738      3.652       3.1660       3.1660      0.42942E-01  0.00000E+00  0.69385    
  140 0.2745      3.643       3.1660       3.1660      0.42827E-01  0.00000E+00  0.69385    
  141 0.2753      3.633       3.1660       3.1660      0.42712E-01  0.00000E+00  0.69385    
  142 0.2760      3.623       3.1660       3.1660      0.42598E-01  0.00000E+00  0.69385    
  143 0.2768      3.613       3.1660       3.1660      0.42483E-01  0.00000E+00  0.69385    
  144 0.2775      3.604       3.1660       3.1660      0.42368E-01  0.00000E+00  0.69385    
  145 0.2783      3.594       3.1660       3.1660      0.42253E-01  0.00000E+00  0.69385    
  146 0.2790      3.584       3.1660       3.1660      0.42138E-01  0.00000E+00  0.69385    
  147 0.2798      3.574       3.1660       3.1660      0.42024E-01  0.00000E+00  0.69385    
  148 0.2805      3.564       3.1660       3.1660      0.41909E-01  0.00000E+00  0.69385    
  149 0.2813      3.555       3.1660       3.1660      0.41794E-01  0.00000E+00  0.69385    
  150 0.2821      3.545       3.1660       3.1660      0.41679E-01  0.00000E+00  0.69385    
  151 0.2829      3.535       3.1660       3.1660      0.41564E-01  0.00000E+00  0.69385    
  152 0.2837      3.525       3.1660       3.1660      0.41449E-01  0.00000E+00  0.69385    
  153 0.2844      3.516       3.1660       3.1660      0.41335E-01  0.00000E+00  0.69385    
  154 0.2852      3.506       3.1660       3.1660      0.41220E-01  0.00000E+00  0.69385    
  155 0.2860      3.496       3.1660       3.1660      0.41105E-01  0.00000E+00  0.69385    
  156 0.2868      3.486       3.1660       3.1660      0.40990E-01  0.00000E+00  0.69385    
  157 0.2876      3.477       3.1660       3.1660      0.40875E-01  0.00000E+00  0.69385    
  158 0.2885      3.467       3.1660       3.1660      0.40761E-01  0.00000E+00  0.69385    
  159 0.2893      3.457       3.1660       3.1660      0.40646E-01  0.00000E+00  0.69385    
  160 0.2901      3.447       3.1660       3.1660      0.40531E-01  0.00000E+00  0.69385    
  161 0.2909      3.438       3.1660       3.1660      0.40416E-01  0.00000E+00  0.69385    
  162 0.2917      3.428       3.1660       3.1660      0.40301E-01  0.00000E+00  0.69385    
  163 0.2926      3.418       3.1660       3.1660      0.40186E-01  0.00000E+00  0.69385    
  164 0.2934      3.408       3.1660       3.1660      0.40072E-01  0.00000E+00  0.69385    
  165 0.2943      3.398       3.1660       3.1660      0.39957E-01  0.00000E+00  0.69385    
  166 0.2951      3.389       3.1660       3.1660      0.39842E-01  0.00000E+00  0.69385    
  167 0.2960      3.379       3.1660       3.1660      0.39727E-01  0.00000E+00  0.69385    
  168 0.2968      3.369       3.1660       3.1660      0.39612E-01  0.00000E+00  0.69385    
  169 0.2977      3.359       3.1660       3.1660      0.39498E-01  0.00000E+00  0.69385    
  170 0.2985      3.350       3.1660       3.1660      0.39383E-01  0.00000E+00  0.69385    
  171 0.2994      3.340       3.1660       3.1660      0.39268E-01  0.00000E+00  0.69385    
  172 0.3003      3.330       3.1660       3.1660      0.39153E-01  0.00000E+00  0.69385    
  173 0.3012      3.320       3.1660       3.1660      0.39038E-01  0.00000E+00  0.69385    
  174 0.3021      3.311       3.1660       3.1660      0.38923E-01  0.00000E+00  0.69385    
  175 0.3030      3.301       3.1660       3.1660      0.38809E-01  0.00000E+00  0.69385    
  176 0.3039      3.291       3.1660       3.1660      0.38694E-01  0.00000E+00  0.69385    
  177 0.3048      3.281       3.1660       3.1660      0.38579E-01  0.00000E+00  0.69385    
  178 0.3057      3.271       3.1660       3.1660      0.38464E-01  0.00000E+00  0.69385    
  179 0.3066      3.262       3.1660       3.1660      0.38349E-01  0.00000E+00  0.69385    
  180 0.3075      3.252       3.1660       3.1660      0.38235E-01  0.00000E+00  0.69385    
  181 0.3084      3.242       3.1660       3.1660      0.38120E-01  0.00000E+00  0.69385    
  182 0.3094      3.232       3.1660       3.1660      0.38005E-01  0.00000E+00  0.69385    
  183 0.3103      3.223       3.1660       3.1660      0.37890E-01  0.00000E+00  0.69385    
  184 0.3112      3.213       3.1660       3.1660      0.37775E-01  0.00000E+00  0.69385    
  185 0.3122      3.203       3.1660       3.1660      0.37660E-01  0.00000E+00  0.69385    
  186 0.3131      3.193       3.1660       3.1660      0.37546E-01  0.00000E+00  0.69385    
  187 0.3141      3.184       3.1660       3.1660      0.37431E-01  0.00000E+00  0.69385    
  188 0.3151      3.174       3.1660       3.1660      0.37316E-01  0.00000E+00  0.69385    
  189 0.3160      3.164       3.1660       3.1660      0.37201E-01  0.00000E+00  0.69385    
  190 0.3170      3.154       3.1660       3.1660      0.37086E-01  0.00000E+00  0.69385    
  191 0.3180      3.145       3.1660       3.1660      0.36972E-01  0.00000E+00  0.69385    
  192 0.3190      3.135       3.1660       3.1660      0.36857E-01  0.00000E+00  0.69385    
  193 0.3200      3.125       3.1660       3.1660      0.36742E-01  0.00000E+00  0.69385    
  194 0.3210      3.115       3.1660       3.1660      0.36627E-01  0.00000E+00  0.69385    
  195 0.3220      3.105       3.1660       3.1660      0.36512E-01  0.00000E+00  0.69385    
  196 0.3230      3.096       3.1660       3.1660      0.36397E-01  0.00000E+00  0.69385    
  197 0.3241      3.086       3.1660       3.1660      0.36283E-01  0.00000E+00  0.69385    
  198 0.3251      3.076       3.1660       3.1660      0.36168E-01  0.00000E+00  0.69385    
  199 0.3261      3.066       3.1660       3.1660      0.36053E-01  0.00000E+00  0.69385    
  200 0.3272      3.057       3.1660       3.1660      0.35938E-01  0.00000E+00  0.69385    
  201 0.3282      3.047       3.1660       3.1660      0.35823E-01  0.00000E+00  0.69385    
  202 0.3293      3.037       3.1660       3.1660      0.35708E-01  0.00000E+00  0.69385    
  203 0.3303      3.027       3.1660       3.1660      0.35594E-01  0.00000E+00  0.69385    
  204 0.3314      3.018       3.1660       3.1660      0.35479E-01  0.00000E+00  0.69385    
  205 0.3325      3.008       3.1660       3.1660      0.35364E-01  0.00000E+00  0.69385    
  206 0.3336      2.998       3.1660       3.1660      0.35249E-01  0.00000E+00  0.69385    
  207 0.3346      2.988       3.1660       3.1660      0.35134E-01  0.00000E+00  0.69385    
  208 0.3357      2.979       3.1660       3.1660      0.35020E-01  0.00000E+00  0.69385    
  209 0.3368      2.969       3.1660       3.1660      0.34905E-01  0.00000E+00  0.69385    
  210 0.3380      2.959       3.1660       3.1660      0.34790E-01  0.00000E+00  0.69385    
  211 0.3391      2.949       3.1660       3.1660      0.34675E-01  0.00000E+00  0.69385    
  212 0.3402      2.939       3.1660       3.1660      0.34560E-01  0.00000E+00  0.69385    
  213 0.3413      2.930       3.1660       3.1660      0.34445E-01  0.00000E+00  0.69385    
  214 0.3425      2.920       3.1660       3.1660      0.34331E-01  0.00000E+00  0.69385    
  215 0.3436      2.910       3.1660       3.1660      0.34216E-01  0.00000E+00  0.69385    
  216 0.3448      2.900       3.1660       3.1660      0.34101E-01  0.00000E+00  0.69385    
  217 0.3459      2.891       3.1660       3.1660      0.33986E-01  0.00000E+00  0.69385    
  218 0.3471      2.881       3.1660       3.1660      0.33871E-01  0.00000E+00  0.69385    
  219 0.3483      2.871       3.1660       3.1660      0.33757E-01  0.00000E+00  0.69385    
  220 0.3495      2.861       3.1660       3.1660      0.33642E-01  0.00000E+00  0.69385    
  221 0.3507      2.852       3.1660       3.1660      0.33527E-01  0.00000E+00  0.69385    
  222 0.3519      2.842       3.1660       3.1660      0.33412E-01  0.00000E+00  0.69385    
  223 0.3531      2.832       3.1660       3.1660      0.33297E-01  0.00000E+00  0.69385    
  224 0.3543      2.822       3.1660       3.1660      0.33182E-01  0.00000E+00  0.69385    
  225 0.3556      2.812       3.1660       3.1660      0.33068E-01  0.00000E+00  0.69385    
  226 0.3568      2.803       3.1660       3.1660      0.32953E-01  0.00000E+00  0.69385    
  227 0.3580      2.793       3.1660       3.1660      0.32838E-01  0.00000E+00  0.69385    
  228 0.3593      2.783       3.1660       3.1660      0.32723E-01  0.00000E+00  0.69385    
  229 0.3606      2.773       3.1660       3.1660      0.32608E-01  0.00000E+00  0.69385    
  230 0.3618      2.764       3.1660       3.1660      0.32494E-01  0.00000E+00  0.69385    
  231 0.3631      2.754       3.1660       3.1660      0.32379E-01  0.00000E+00  0.69385    
  232 0.3644      2.744       3.1660       3.1660      0.32264E-01  0.00000E+00  0.69385    
  233 0.3657      2.734       3.1660       3.1660      0.32149E-01  0.00000E+00  0.69385    
  234 0.3670      2.725       3.1660       3.1660      0.32034E-01  0.00000E+00  0.69385    
  235 0.3683      2.715       3.1660       3.1660      0.31919E-01  0.00000E+00  0.69385    
  236 0.3697      2.705       3.1660       3.1660      0.31805E-01  0.00000E+00  0.69385    
  237 0.3710      2.695       3.1660       3.1660      0.31690E-01  0.00000E+00  0.69385    
  238 0.3724      2.686       3.1660       3.1660      0.31575E-01  0.00000E+00  0.69385    
  239 0.3737      2.676       3.1660       3.1660      0.31460E-01  0.00000E+00  0.69385    
  240 0.3751      2.666       3.1660       3.1660      0.31345E-01  0.00000E+00  0.69385    
  241 0.3765      2.656       3.1660       3.1660      0.31231E-01  0.00000E+00  0.69385    
  242 0.3779      2.646       3.1660       3.1660      0.31116E-01  0.00000E+00  0.69385    
  243 0.3793      2.637       3.1660       3.1660      0.31001E-01  0.00000E+00  0.69385    
  244 0.3807      2.627       3.1660       3.1660      0.30886E-01  0.00000E+00  0.69385    
  245 0.3821      2.617       3.1660       3.1660      0.30771E-01  0.00000E+00  0.69385    
  246 0.3835      2.607       3.1660       3.1660      0.30656E-01  0.00000E+00  0.69385    
  247 0.3850      2.598       3.1660       3.1660      0.30542E-01  0.00000E+00  0.69385    
  248 0.3864      2.588       3.1660       3.1660      0.30427E-01  0.00000E+00  0.69385    
  249 0.3879      2.578       3.1660       3.1660      0.30312E-01  0.00000E+00  0.69385    
  250 0.3894      2.568       3.1660       3.1660      0.30197E-01  0.00000E+00  0.69385    
  251 0.3908      2.559       3.1660       3.1660      0.30082E-01  0.00000E+00  0.69385    
  252 0.3923      2.549       3.1660       3.1660      0.29968E-01  0.00000E+00  0.69385    
  253 0.3938      2.539       3.1660       3.1660      0.29853E-01  0.00000E+00  0.69385    
  254 0.3954      2.529       3.1660       3.1660      0.29738E-01  0.00000E+00  0.69385    
  255 0.3969      2.520       3.1660       3.1660      0.29623E-01  0.00000E+00  0.69385    
  256 0.3984      2.510       3.1660       3.1660      0.29508E-01  0.00000E+00  0.69385    
  257 0.4000      2.500       3.1660       3.1660      0.29393E-01  0.00000E+00  0.69385    
  258 0.4016      2.490       3.1660       3.1660      0.29279E-01  0.00000E+00  0.69385    
  259 0.4031      2.480       3.1660       3.1660      0.29164E-01  0.00000E+00  0.69385    
  260 0.4047      2.471       3.1660       3.1660      0.29049E-01  0.00000E+00  0.69385    
  261 0.4063      2.461       3.1660       3.1660      0.28934E-01  0.00000E+00  0.69385    
  262 0.4080      2.451       3.1660       3.1660      0.28819E-01  0.00000E+00  0.69385    
  263 0.4096      2.441       3.1660       3.1660      0.28705E-01  0.00000E+00  0.69385    
  264 0.4112      2.432       3.1660       3.1660      0.28590E-01  0.00000E+00  0.69385    
  265 0.4129      2.422       3.1660       3.1660      0.28475E-01  0.00000E+00  0.69385    
  266 0.4146      2.412       3.1660       3.1660      0.28360E-01  0.00000E+00  0.69385    
  267 0.4163      2.402       3.1660       3.1660      0.28245E-01  0.00000E+00  0.69385    
  268 0.4180      2.393       3.1660       3.1660      0.28130E-01  0.00000E+00  0.69385    
  269 0.4197      2.383       3.1660       3.1660      0.28016E-01  0.00000E+00  0.69385    
  270 0.4214      2.373       3.1660       3.1660      0.27901E-01  0.00000E+00  0.69385    
  271 0.4231      2.363       3.1660       3.1660      0.27786E-01  0.00000E+00  0.69385    
  272 0.4249      2.354       3.1660       3.1660      0.27671E-01  0.00000E+00  0.69385    
  273 0.4267      2.344       3.1660       3.1660      0.27556E-01  0.00000E+00  0.69385    
  274 0.4285      2.334       3.1660       3.1660      0.27442E-01  0.00000E+00  0.69385    
  275 0.4303      2.324       3.1660       3.1660      0.27327E-01  0.00000E+00  0.69385    
  276 0.4321      2.314       3.1660       3.1660      0.27212E-01  0.00000E+00  0.69385    
  277 0.4339      2.305       3.1660       3.1660      0.27097E-01  0.00000E+00  0.69385    
  278 0.4357      2.295       3.1660       3.1660      0.26982E-01  0.00000E+00  0.69385    
  279 0.4376      2.285       3.1660       3.1660      0.26867E-01  0.00000E+00  0.69385    
  280 0.4395      2.275       3.1660       3.1660      0.26753E-01  0.00000E+00  0.69385    
  281 0.4414      2.266       3.1660       3.1660      0.26638E-01  0.00000E+00  0.69385    
  282 0.4433      2.256       3.1660       3.1660      0.26523E-01  0.00000E+00  0.69385    
  283 0.4452      2.246       3.1660       3.1660      0.26408E-01  0.00000E+00  0.69385    
  284 0.4472      2.236       3.1660       3.1660      0.26293E-01  0.00000E+00  0.69385    
  285 0.4491      2.227       3.1660       3.1660      0.26179E-01  0.00000E+00  0.69385    
  286 0.4511      2.217       3.1660       3.1660      0.26064E-01  0.00000E+00  0.69385    
  287 0.4531      2.207       3.1660       3.1660      0.25949E-01  0.00000E+00  0.69385    
  288 0.4551      2.197       3.1660       3.1660      0.25834E-01  0.00000E+00  0.69385    
  289 0.4571      2.188       3.1660       3.1660      0.25719E-01  0.00000E+00  0.69385    
  290 0.4592      2.178       3.1660       3.1660      0.25604E-01  0.00000E+00  0.69385    
  291 0.4613      2.168       3.1660       3.1660      0.25490E-01  0.00000E+00  0.69385    
  292 0.4633      2.158       3.1660       3.1660      0.25375E-01  0.00000E+00  0.69385    
  293 0.4655      2.148       3.1660       3.1660      0.25260E-01  0.00000E+00  0.69385    
  294 0.4676      2.139       3.1660       3.1660      0.25145E-01  0.00000E+00  0.69385    
  295 0.4697      2.129       3.1660       3.1660      0.25030E-01  0.00000E+00  0.69385    
  296 0.4719      2.119       3.1660       3.1660      0.24916E-01  0.00000E+00  0.69385    
  297 0.4741      2.109       3.1660       3.1660      0.24801E-01  0.00000E+00  0.69385    
  298 0.4763      2.100       3.1660       3.1660      0.24686E-01  0.00000E+00  0.69385    
  299 0.4785      2.090       3.1660       3.1660      0.24571E-01  0.00000E+00  0.69385    
  300 0.4808      2.080       3.1660       3.1660      0.24456E-01  0.00000E+00  0.69385    
  301 0.4830      2.070       3.1660       3.1660      0.24341E-01  0.00000E+00  0.69385    
  302 0.4853      2.061       3.1660       3.1660      0.24227E-01  0.00000E+00  0.69385    
  303 0.4876      2.051       3.1660       3.1660      0.24112E-01  0.00000E+00  0.69385    
  304 0.4900      2.041       3.1660       3.1660      0.23997E-01  0.00000E+00  0.69385    
  305 0.4923      2.031       3.1660       3.1660      0.23882E-01  0.00000E+00  0.69385    
  306 0.4947      2.021       3.1660       3.1660      0.23767E-01  0.00000E+00  0.69385    
  307 0.4971      2.012       3.1660       3.1660      0.23653E-01  0.00000E+00  0.69385    
  308 0.4995      2.002       3.1660       3.1660      0.23538E-01  0.00000E+00  0.69385    
  309 0.5020      1.992       3.1660       3.1660      0.23423E-01  0.00000E+00  0.69385    
  310 0.5044      1.982       3.1660       3.1660      0.23308E-01  0.00000E+00  0.69385    
  311 0.5069      1.973       3.1660       3.1660      0.23193E-01  0.00000E+00  0.69385    
  312 0.5095      1.963       3.1660       3.1660      0.23078E-01  0.00000E+00  0.69385    
  313 0.5120      1.953       3.1660       3.1660      0.22964E-01  0.00000E+00  0.69385    
  314 0.5146      1.943       3.1660       3.1660      0.22849E-01  0.00000E+00  0.69385    
  315 0.5172      1.934       3.1660       3.1660      0.22734E-01  0.00000E+00  0.69385    
  316 0.5198      1.924       3.1660       3.1660      0.22619E-01  0.00000E+00  0.69385    
  317 0.5224      1.914       3.1660       3.1660      0.22504E-01  0.00000E+00  0.69385    
  318 0.5251      1.904       3.1660       3.1660      0.22390E-01  0.00000E+00  0.69385    
  319 0.5278      1.895       3.1660       3.1660      0.22275E-01  0.00000E+00  0.69385    
  320 0.5306      1.885       3.1660       3.1660      0.22160E-01  0.00000E+00  0.69385    
  321 0.5333      1.875       3.1660       3.1660      0.22045E-01  0.00000E+00  0.69385    
  322 0.5361      1.865       3.1660       3.1660      0.21930E-01  0.00000E+00  0.69385    
  323 0.5389      1.855       3.1660       3.1660      0.21815E-01  0.00000E+00  0.69385    
  324 0.5418      1.846       3.1660       3.1660      0.21701E-01  0.00000E+00  0.69385    
  325 0.5447      1.836       3.1660       3.1660      0.21586E-01  0.00000E+00  0.69385    
  326 0.5476      1.826       3.1660       3.1660      0.21471E-01  0.00000E+00  0.69385    
  327 0.5505      1.816       3.1660       3.1660      0.21356E-01  0.00000E+00  0.69385    
  328 0.5535      1.807       3.1660       3.1660      0.21241E-01  0.00000E+00  0.69385    
  329 0.5565      1.797       3.1660       3.1660      0.21127E-01  0.00000E+00  0.69385    
  330 0.5596      1.787       3.1660       3.1660      0.21012E-01  0.00000E+00  0.69385    
  331 0.5626      1.777       3.1660       3.1660      0.20897E-01  0.00000E+00  0.69385    
  332 0.5657      1.768       3.1660       3.1660      0.20782E-01  0.00000E+00  0.69385    
  333 0.5689      1.758       3.1660       3.1660      0.20667E-01  0.00000E+00  0.69385    
  334 0.5721      1.748       3.1660       3.1660      0.20552E-01  0.00000E+00  0.69385    
  335 0.5753      1.738       3.1660       3.1660      0.20438E-01  0.00000E+00  0.69385    
  336 0.5785      1.729       3.1660       3.1660      0.20323E-01  0.00000E+00  0.69385    
  337 0.5818      1.719       3.1660       3.1660      0.20208E-01  0.00000E+00  0.69385    
  338 0.5851      1.709       3.1660       3.1660      0.20093E-01  0.00000E+00  0.69385    
  339 0.5885      1.699       3.1660       3.1660      0.19978E-01  0.00000E+00  0.69385    
  340 0.5919      1.689       3.1660       3.1660      0.19864E-01  0.00000E+00  0.69385    
  341 0.5953      1.680       3.1660       3.1660      0.19749E-01  0.00000E+00  0.69385    
  342 0.5988      1.670       3.1660       3.1660      0.19634E-01  0.00000E+00  0.69385    
  343 0.6024      1.660       3.1660       3.1660      0.19519E-01  0.00000E+00  0.69385    
  344 0.6059      1.650       3.1660       3.1660      0.19404E-01  0.00000E+00  0.69385    
  345 0.6095      1.641       3.1660       3.1660      0.19289E-01  0.00000E+00  0.69385    
  346 0.6132      1.631       3.1660       3.1660      0.19175E-01  0.00000E+00  0.69385    
  347 0.6169      1.621       3.1660       3.1660      0.19060E-01  0.00000E+00  0.69385    
  348 0.6206      1.611       3.1660       3.1660      0.18945E-01  0.00000E+00  0.69385    
  349 0.6244      1.602       3.1660       3.1660      0.18830E-01  0.00000E+00  0.69385    
  350 0.6282      1.592       3.1660       3.1660      0.18715E-01  0.00000E+00  0.69385    
  351 0.6321      1.582       3.1660       3.1660      0.18601E-01  0.00000E+00  0.69385    
  352 0.6360      1.572       3.1660       3.1660      0.18486E-01  0.00000E+00  0.69385    
  353 0.6400      1.562       3.1660       3.1660      0.18371E-01  0.00000E+00  0.69385    
  354 0.6440      1.553       3.1660       3.1660      0.18256E-01  0.00000E+00  0.69385    
  355 0.6481      1.543       3.1660       3.1660      0.18141E-01  0.00000E+00  0.69385    
  356 0.6522      1.533       3.1660       3.1660      0.18026E-01  0.00000E+00  0.69385    
  357 0.6564      1.523       3.1660       3.1660      0.17912E-01  0.00000E+00  0.69385    
  358 0.6606      1.514       3.1660       3.1660      0.17797E-01  0.00000E+00  0.69385    
  359 0.6649      1.504       3.1660       3.1660      0.17682E-01  0.00000E+00  0.69385    
  360 0.6693      1.494       3.1660       3.1660      0.17567E-01  0.00000E+00  0.69385    
  361 0.6737      1.484       3.1660       3.1660      0.17452E-01  0.00000E+00  0.69385    
  362 0.6781      1.475       3.1660       3.1660      0.17338E-01  0.00000E+00  0.69385    
  363 0.6827      1.465       3.1660       3.1660      0.17223E-01  0.00000E+00  0.69385    
  364 0.6872      1.455       3.1660       3.1660      0.17108E-01  0.00000E+00  0.69385    
  365 0.6919      1.445       3.1660       3.1660      0.16993E-01  0.00000E+00  0.69385    
  366 0.6966      1.436       3.1660       3.1660      0.16878E-01  0.00000E+00  0.69385    
  367 0.7014      1.426       3.1660       3.1660      0.16763E-01  0.00000E+00  0.69385    
  368 0.7062      1.416       3.1660       3.1660      0.16649E-01  0.00000E+00  0.69385    
  369 0.7111      1.406       3.1660       3.1660      0.16534E-01  0.00000E+00  0.69385    
  370 0.7161      1.396       3.1660       3.1660      0.16419E-01  0.00000E+00  0.69385    
  371 0.7211      1.387       3.1660       3.1660      0.16304E-01  0.00000E+00  0.69385    
  372 0.7262      1.377       3.1660       3.1660      0.16189E-01  0.00000E+00  0.69385    
  373 0.7314      1.367       3.1660       3.1660      0.16075E-01  0.00000E+00  0.69385    
  374 0.7367      1.357       3.1660       3.1660      0.15960E-01  0.00000E+00  0.69385    
  375 0.7420      1.348       3.1660       3.1660      0.15845E-01  0.00000E+00  0.69385    
  376 0.7474      1.338       3.1660       3.1660      0.15730E-01  0.00000E+00  0.69385    
  377 0.7529      1.328       3.1660       3.1660      0.15615E-01  0.00000E+00  0.69385    
  378 0.7585      1.318       3.1660       3.1660      0.15500E-01  0.00000E+00  0.69385    
  379 0.7642      1.309       3.1660       3.1660      0.15386E-01  0.00000E+00  0.69385    
  380 0.7699      1.299       3.1660       3.1660      0.15271E-01  0.00000E+00  0.69385    
  381 0.7758      1.289       3.1660       3.1660      0.15156E-01  0.00000E+00  0.69385    
  382 0.7817      1.279       3.1660       3.1660      0.15041E-01  0.00000E+00  0.69385    
  383 0.7877      1.270       3.1660       3.1660      0.14926E-01  0.00000E+00  0.69385    
  384 0.7938      1.260       3.1660       3.1660      0.14812E-01  0.00000E+00  0.69385    
  385 0.8000      1.250       3.1660       3.1660      0.14697E-01  0.00000E+00  0.69385    
  386 0.8063      1.240       3.1660       3.1660      0.14582E-01  0.00000E+00  0.69385    
  387 0.8127      1.230       3.1660       3.1660      0.14467E-01  0.00000E+00  0.69385    
  388 0.8192      1.221       3.1660       3.1660      0.14352E-01  0.00000E+00  0.69385    
  389 0.8258      1.211       3.1660       3.1660      0.14237E-01  0.00000E+00  0.69385    
  390 0.8325      1.201       3.1660       3.1660      0.14123E-01  0.00000E+00  0.69385    
  391 0.8393      1.191       3.1660       3.1660      0.14008E-01  0.00000E+00  0.69385    
  392 0.8463      1.182       3.1660       3.1660      0.13893E-01  0.00000E+00  0.69385    
  393 0.8533      1.172       3.1660       3.1660      0.13778E-01  0.00000E+00  0.69385    
  394 0.8605      1.162       3.1660       3.1660      0.13663E-01  0.00000E+00  0.69385    
  395 0.8678      1.152       3.1660       3.1660      0.13549E-01  0.00000E+00  0.69385    
  396 0.8752      1.143       3.1660       3.1660      0.13434E-01  0.00000E+00  0.69385    
  397 0.8828      1.133       3.1660       3.1660      0.13319E-01  0.00000E+00  0.69385    
  398 0.8904      1.123       3.1660       3.1660      0.13204E-01  0.00000E+00  0.69385    
  399 0.8982      1.113       3.1660       3.1660      0.13089E-01  0.00000E+00  0.69385    
  400 0.9062      1.104       3.1660       3.1660      0.12974E-01  0.00000E+00  0.69385    
  401 0.9143      1.094       3.1660       3.1660      0.12860E-01  0.00000E+00  0.69385    
  402 0.9225      1.084       3.1660       3.1660      0.12745E-01  0.00000E+00  0.69385    
  403 0.9309      1.074       3.1660       3.1660      0.12630E-01  0.00000E+00  0.69385    
  404 0.9394      1.064       3.1660       3.1660      0.12515E-01  0.00000E+00  0.69385    
  405 0.9481      1.055       3.1660       3.1660      0.12400E-01  0.00000E+00  0.69385    
  406 0.9570      1.045       3.1660       3.1660      0.12286E-01  0.00000E+00  0.69385    
  407 0.9660      1.035       3.1660       3.1660      0.12171E-01  0.00000E+00  0.69385    
  408 0.9752      1.025       3.1660       3.1660      0.12056E-01  0.00000E+00  0.69385    
  409 0.9846      1.016       3.1660       3.1660      0.11941E-01  0.00000E+00  0.69385    
  410 0.9942      1.006       3.1660       3.1660      0.11826E-01  0.00000E+00  0.69385    
  411  1.004     0.9961       3.1660       3.1660      0.11711E-01  0.00000E+00  0.69385    
  412  1.014     0.9863       3.1660       3.1660      0.11597E-01  0.00000E+00  0.69385    
  413  1.024     0.9766       3.1660       3.1660      0.11482E-01  0.00000E+00  0.69385    
  414  1.034     0.9668       3.1660       3.1660      0.11367E-01  0.00000E+00  0.69385    
  415  1.045     0.9570       3.1660       3.1660      0.11252E-01  0.00000E+00  0.69385    
  416  1.056     0.9473       3.1660       3.1660      0.11137E-01  0.00000E+00  0.69385    
  417  1.067     0.9375       3.1660       3.1660      0.11023E-01  0.00000E+00  0.69385    
  418  1.078     0.9277       3.1660       3.1660      0.10908E-01  0.00000E+00  0.69385    
  419  1.089     0.9180       3.1660       3.1660      0.10793E-01  0.00000E+00  0.69385    
  420  1.101     0.9082       3.1660       3.1660      0.10678E-01  0.00000E+00  0.69385    
  421  1.113     0.8984       3.1660       3.1660      0.10563E-01  0.00000E+00  0.69385    
  422  1.125     0.8887       3.1660       3.1660      0.10448E-01  0.00000E+00  0.69385    
  423  1.138     0.8789       3.1660       3.1660      0.10334E-01  0.00000E+00  0.69385    
  424  1.151     0.8691       3.1660       3.1660      0.10219E-01  0.00000E+00  0.69385    
  425  1.164     0.8594       3.1660       3.1660      0.10104E-01  0.00000E+00  0.69385    
  426  1.177     0.8496       3.1660       3.1660      0.99892E-02  0.00000E+00  0.69385    
  427  1.191     0.8398       3.1660       3.1660      0.98744E-02  0.00000E+00  0.69385    
  428  1.205     0.8301       3.1660       3.1660      0.97596E-02  0.00000E+00  0.69385    
  429  1.219     0.8203       3.1660       3.1660      0.96447E-02  0.00000E+00  0.69385    
  430  1.234     0.8105       3.1660       3.1660      0.95299E-02  0.00000E+00  0.69385    
  431  1.249     0.8008       3.1660       3.1660      0.94151E-02  0.00000E+00  0.69385    
  432  1.264     0.7910       3.1660       3.1660      0.93003E-02  0.00000E+00  0.69385    
  433  1.280     0.7812       3.1660       3.1660      0.91855E-02  0.00000E+00  0.69385    
  434  1.296     0.7715       3.1660       3.1660      0.90706E-02  0.00000E+00  0.69385    
  435  1.313     0.7617       3.1660       3.1660      0.89558E-02  0.00000E+00  0.69385    
  436  1.330     0.7520       3.1660       3.1660      0.88410E-02  0.00000E+00  0.69385    
  437  1.347     0.7422       3.1660       3.1660      0.87262E-02  0.00000E+00  0.69385    
  438  1.365     0.7324       3.1660       3.1660      0.86114E-02  0.00000E+00  0.69385    
  439  1.384     0.7227       3.1660       3.1660      0.84966E-02  0.00000E+00  0.69385    
  440  1.403     0.7129       3.1660       3.1660      0.83817E-02  0.00000E+00  0.69385    
  441  1.422     0.7031       3.1660       3.1660      0.82669E-02  0.00000E+00  0.69385    
  442  1.442     0.6934       3.1660       3.1660      0.81521E-02  0.00000E+00  0.69385    
  443  1.463     0.6836       3.1660       3.1660      0.80373E-02  0.00000E+00  0.69385    
  444  1.484     0.6738       3.1660       3.1660      0.79225E-02  0.00000E+00  0.69385    
  445  1.506     0.6641       3.1660       3.1660      0.78076E-02  0.00000E+00  0.69385    
  446  1.528     0.6543       3.1660       3.1660      0.76928E-02  0.00000E+00  0.69385    
  447  1.552     0.6445       3.1660       3.1660      0.75780E-02  0.00000E+00  0.69385    
  448  1.575     0.6348       3.1660       3.1660      0.74632E-02  0.00000E+00  0.69385    
  449  1.600     0.6250       3.1660       3.1660      0.73484E-02  0.00000E+00  0.69385    
  450  1.625     0.6152       3.1660       3.1660      0.72336E-02  0.00000E+00  0.69385    
  451  1.652     0.6055       3.1660       3.1660      0.71187E-02  0.00000E+00  0.69385    
  452  1.679     0.5957       3.1660       3.1660      0.70039E-02  0.00000E+00  0.69385    
  453  1.707     0.5859       3.1660       3.1660      0.68891E-02  0.00000E+00  0.69385    
  454  1.736     0.5762       3.1660       3.1660      0.67743E-02  0.00000E+00  0.69385    
  455  1.766     0.5664       3.1660       3.1660      0.66595E-02  0.00000E+00  0.69385    
  456  1.796     0.5566       3.1660       3.1660      0.65447E-02  0.00000E+00  0.69385    
  457  1.829     0.5469       3.1660       3.1660      0.64298E-02  0.00000E+00  0.69385    
  458  1.862     0.5371       3.1660       3.1660      0.63150E-02  0.00000E+00  0.69385    
  459  1.896     0.5273       3.1660       3.1660      0.62002E-02  0.00000E+00  0.69385    
  460  1.932     0.5176       3.1660       3.1660      0.60854E-02  0.00000E+00  0.69385    
  461  1.969     0.5078       3.1660       3.1660      0.59706E-02  0.00000E+00  0.69385    
  462  2.008     0.4980       3.1660       3.1660      0.58558E-02  0.00000E+00  0.69385    
  463  2.048     0.4883       3.1660       3.1660      0.57410E-02  0.00000E+00  0.69385    
  464  2.090     0.4785       3.1660       3.1660      0.56261E-02  0.00000E+00  0.69385    
  465  2.133     0.4687       3.1660       3.1660      0.55113E-02  0.00000E+00  0.69385    
  466  2.179     0.4590       3.1660       3.1660      0.53965E-02  0.00000E+00  0.69385    
  467  2.226     0.4492       3.1660       3.1660      0.52818E-02  0.00000E+00  0.69385    
  468  2.276     0.4395       3.1660       3.1660      0.51670E-02  0.00000E+00  0.69385    
  469  2.327     0.4297       3.1660       3.1660      0.50522E-02  0.00000E+00  0.69384    
  470  2.381     0.4199       3.1660       3.1660      0.49374E-02  0.00000E+00  0.69384    
  471  2.438     0.4102       3.1660       3.1660      0.48227E-02  0.00000E+00  0.69384    
  472  2.498     0.4004       3.1660       3.1660      0.47079E-02  0.00000E+00  0.69384    
  473  2.560     0.3906       3.1660       3.1660      0.45932E-02  0.00000E+00  0.69384    
  474  2.626     0.3809       3.1660       3.1659      0.44786E-02  0.00000E+00  0.69384    
  475  2.695     0.3711       3.1660       3.1659      0.43639E-02  0.00000E+00  0.69384    
  476  2.768     0.3613       3.1660       3.1659      0.42494E-02  0.00000E+00  0.69384    
  477  2.844     0.3516       3.1660       3.1658      0.41349E-02  0.00000E+00  0.69384    
  478  2.926     0.3418       3.1661       3.1657      0.40204E-02  0.00000E+00  0.69384    
  479  3.012     0.3320       3.1661       3.1657      0.39061E-02  0.00000E+00  0.69384    
  480  3.103     0.3223       3.1661       3.1655      0.37919E-02  0.00000E+00  0.69383    
  481  3.200     0.3125       3.1661       3.1654      0.36779E-02  0.00000E+00  0.69383    
  482  3.303     0.3027       3.1661       3.1652      0.35640E-02  0.00000E+00  0.69382    
  483  3.413     0.2930       3.1662       3.1649      0.34505E-02  0.00000E+00  0.69382    
  484  3.531     0.2832       3.1662       3.1646      0.33372E-02  0.00000E+00  0.69381    
  485  3.657     0.2734       3.1663       3.1641      0.32242E-02  0.00000E+00  0.69379    
  486  3.793     0.2637       3.1664       3.1635      0.31118E-02  0.00000E+00  0.69377    
  487  3.938     0.2539       3.1665       3.1627      0.29998E-02  0.00000E+00  0.69374    
  488  4.096     0.2441       3.1667       3.1617      0.28885E-02  0.00000E+00  0.69371    
  489  4.267     0.2344       3.1669       3.1605      0.27779E-02  0.00000E+00  0.69366    
  490  4.452     0.2246       3.1672       3.1588      0.26681E-02  0.00000E+00  0.69359    
  491  4.655     0.2148       3.1676       3.1567      0.25593E-02  0.00000E+00  0.69351    
  492  4.876     0.2051       3.1682       3.1540      0.24516E-02  0.00000E+00  0.69339    
  493  5.120     0.1953       3.1690       3.1505      0.23452E-02  0.00000E+00  0.69323    
  494  5.389     0.1855       3.1701       3.1462      0.22400E-02  0.00000E+00  0.69302    
  495  5.689     0.1758       3.1716       3.1407      0.21363E-02  0.00000E+00  0.69273    
  496  6.024     0.1660       3.1736       3.1338      0.20340E-02  0.00000E+00  0.69236    
  497  6.400     0.1562       3.1764       3.1252      0.19331E-02  0.00000E+00  0.69187    
  498  6.827     0.1465       3.1803       3.1146      0.18335E-02  0.00000E+00  0.69123    
  499  7.314     0.1367       3.1855       3.1015      0.17348E-02  0.00000E+00  0.69040    
  500  7.877     0.1270       3.1928       3.0856      0.16367E-02  0.00000E+00  0.68934    
  501  8.533     0.1172       3.2029       3.0664      0.15384E-02  0.00000E+00  0.68802    
  502  9.309     0.1074       3.2171       3.0434      0.14389E-02  0.00000E+00  0.68639    
  503  10.24     0.9766E-01   3.2370       3.0164      0.13367E-02  0.00000E+00  0.68448    
  504  11.38     0.8789E-01   3.2655       2.9853      0.12298E-02  0.00000E+00  0.68237    
  505  12.80     0.7812E-01   3.3069       2.9515      0.11145E-02  0.00000E+00  0.68038    
  506  14.63     0.6836E-01   3.3678       2.9212      0.98445E-03  0.00000E+00  0.67937    
  507  17.07     0.5859E-01   3.4574       2.9148      0.82738E-03  0.00000E+00  0.68170    
  508  20.48     0.4883E-01   3.5832       2.9878      0.62741E-03  0.00000E+00  0.69364    
  509  25.60     0.3906E-01   3.7336       3.2154      0.39838E-03  0.00000E+00  0.72758    
  510  34.13     0.2930E-01   3.8700       3.5455      0.21273E-03  0.00000E+00  0.79070    
  511  51.20     0.1953E-01   3.9706       3.8000      0.10516E-03  0.00000E+00  0.85663    
  512  102.4     0.9766E-02   4.1011       3.8364      0.47634E-04  0.00000E+00  0.84640    
