0.898315 0 5.51624e-07 100
0.988147 0 5.25285e-07 110
1.07798 0 5.03194e-07 120
1.16781 0 4.83616e-07 130
1.25764 0 4.6595e-07 140
1.34747 0 4.5012e-07 150
1.4373 0 4.35824e-07 160
1.52714 0 4.22816e-07 170
1.61697 0 4.10911e-07 180
1.7068 0 3.99956e-07 190
1.79663 0 3.89831e-07 200
1.88646 0 3.80435e-07 210
1.97629 0 3.71686e-07 220
2.06613 0 3.63512e-07 230
2.15596 0 3.55856e-07 240
2.24579 0 3.48665e-07 250
2.33562 0 3.41894e-07 260
2.42545 0 3.35503e-07 270
2.51528 0 3.29457e-07 280
2.60511 0 3.23727e-07 290
2.69495 0 3.18285e-07 300
2.78478 0 3.13108e-07 310
2.87461 0 3.08176e-07 320
2.96444 0 3.03469e-07 330
3.05427 0 2.98972e-07 340
3.1441 0 2.94669e-07 350
3.23394 0 2.90547e-07 360
3.32377 0 2.86593e-07 370
3.4136 0 2.82796e-07 380
3.50343 0 2.79146e-07 390
3.59326 0 2.75634e-07 400
3.68309 0 2.7225e-07 410
3.77292 0 2.68989e-07 420
3.86276 0 2.65842e-07 430
3.95259 0 2.62802e-07 440
4.04242 0 2.59865e-07 450
4.13225 0 2.57024e-07 460
4.22208 0 2.54274e-07 470
4.31191 0 2.5161e-07 480
4.40174 0 2.49028e-07 490
4.49158 0 2.46524e-07 500
4.58141 0 2.44094e-07 510
4.67124 0 2.41735e-07 520
4.76107 0 2.39442e-07 530
4.8509 0 2.37214e-07 540
4.94073 0 2.35046e-07 550
5.03057 0 2.32937e-07 560
5.1204 0 2.30883e-07 570
5.21023 0 2.28883e-07 580
5.30006 0 2.26934e-07 590
5.38989 0 2.25034e-07 600
5.47972 0 2.23181e-07 610
5.56955 0 2.21372e-07 620
5.65939 0 2.19607e-07 630
5.74922 0 2.17883e-07 640
5.83905 0 2.162e-07 650
5.92888 0 2.14554e-07 660
6.01871 0 2.12946e-07 670
6.10854 0 2.11373e-07 680
6.19838 0 2.09835e-07 690
6.28821 0 2.08329e-07 700
6.37804 0 2.06856e-07 710
6.46787 0 2.05413e-07 720
6.5577 0 2.04e-07 730
6.64753 0 2.02615e-07 740
6.73736 0 2.01259e-07 750
6.8272 0 1.99929e-07 760
6.91703 0 1.98625e-07 770
7.00686 0 1.97347e-07 780
7.09669 0 1.96092e-07 790
7.18652 0 1.94861e-07 800
7.27635 0 1.93653e-07 810
7.36619 0 1.92468e-07 820
7.45602 0 1.91303e-07 830
7.54585 0 1.9016e-07 840
7.63568 0 1.89037e-07 850
7.72551 0 1.87933e-07 860
7.81534 0 1.86848e-07 870
7.90517 0 1.85782e-07 880
7.99501 0 1.84734e-07 890
8.08484 0 1.83704e-07 900
8.17467 0 1.8269e-07 910
8.2645 0 1.81693e-07 920
8.35433 0 1.80712e-07 930
8.44416 0 1.79747e-07 940
8.534 0 1.78797e-07 950
8.62383 0 1.77862e-07 960
8.71366 0 1.76941e-07 970
8.80349 0 1.76035e-07 980
8.89332 0 1.75142e-07 990
8.98315 0 1.74263e-07 1000
9.07298 0 1.73396e-07 1010
9.16282 0 1.72543e-07 1020
9.25265 0 1.71702e-07 1030
9.34248 0 1.70873e-07 1040
9.43231 0 1.70056e-07 1050
9.52214 0 1.6925e-07 1060
9.61197 0 1.68456e-07 1070
9.70181 0 1.67673e-07 1080
9.79164 0 1.669e-07 1090
9.88147 0 1.66138e-07 1100
9.9713 0 1.65387e-07 1110
10.0611 0 1.64645e-07 1120
10.151 0 1.63914e-07 1130
10.2408 0 1.63192e-07 1140
10.3306 0 1.62479e-07 1150
10.4205 0 1.61776e-07 1160
10.5103 0 1.61081e-07 1170
10.6001 0 1.60396e-07 1180
10.69 0 1.59719e-07 1190
10.7798 0 1.5905e-07 1200
10.8696 0 1.5839e-07 1210
10.9594 0 1.57738e-07 1220
11.0493 0 1.57094e-07 1230
11.1391 0 1.56458e-07 1240
11.2289 0 1.55829e-07 1250
11.3188 0 1.55208e-07 1260
11.4086 0 1.54594e-07 1270
11.4984 0 1.53988e-07 1280
11.5883 0 1.53388e-07 1290
11.6781 0 1.52795e-07 1300
11.7679 0 1.52209e-07 1310
11.8578 0 1.5163e-07 1320
11.9476 0 1.51057e-07 1330
12.0374 0 1.50491e-07 1340
12.1273 0 1.49931e-07 1350
12.2171 0 1.49377e-07 1360
12.3069 0 1.4883e-07 1370
12.3968 0 1.48288e-07 1380
12.4866 0 1.47752e-07 1390
12.5764 0 1.47222e-07 1400
12.6662 0 1.46697e-07 1410
12.7561 0 1.46178e-07 1420
12.8459 0 1.45664e-07 1430
12.9357 0 1.45156e-07 1440
13.0256 0 1.44653e-07 1450
13.1154 0 1.44155e-07 1460
13.2052 0 1.43662e-07 1470
13.2951 0 1.43174e-07 1480
13.3849 0 1.42692e-07 1490
13.4747 0 1.42213e-07 1500
13.5646 0 1.4174e-07 1510
13.6544 0 1.41271e-07 1520
13.7442 0 1.40807e-07 1530
13.8341 0 1.40348e-07 1540
13.9239 0 1.39893e-07 1550
14.0137 0 1.39442e-07 1560
14.1035 0 1.38996e-07 1570
14.1934 0 1.38553e-07 1580
14.2832 0 1.38115e-07 1590
14.373 0 1.37681e-07 1600
14.4629 0 1.37251e-07 1610
14.5527 0 1.36826e-07 1620
14.6425 0 1.36404e-07 1630
14.7324 0 1.35985e-07 1640
14.8222 0 1.35571e-07 1650
14.912 0 1.3516e-07 1660
15.0019 0 1.34754e-07 1670
15.0917 0 1.3435e-07 1680
15.1815 0 1.3395e-07 1690
15.2714 0 1.33554e-07 1700
15.3612 0 1.33162e-07 1710
15.451 0 1.32772e-07 1720
15.5409 0 1.32386e-07 1730
15.6307 0 1.32004e-07 1740
15.7205 0 1.31624e-07 1750
15.8103 0 1.31248e-07 1760
15.9002 0 1.30875e-07 1770
15.99 0 1.30505e-07 1780
16.0798 0 1.30139e-07 1790
16.1697 0 1.29775e-07 1800
16.2595 0 1.29414e-07 1810
16.3493 0 1.29057e-07 1820
16.4392 0 1.28702e-07 1830
16.529 0 1.2835e-07 1840
16.6188 0 1.28001e-07 1850
16.7087 0 1.27655e-07 1860
16.7985 0 1.27311e-07 1870
16.8883 0 1.26971e-07 1880
16.9782 0 1.26633e-07 1890
17.068 0 1.26297e-07 1900
17.1578 0 1.25965e-07 1910
17.2477 0 1.25634e-07 1920
17.3375 0 1.25307e-07 1930
17.4273 0 1.24982e-07 1940
17.5171 0 1.24659e-07 1950
17.607 0 1.24339e-07 1960
17.6968 0 1.24022e-07 1970
17.7866 0 1.23706e-07 1980
17.8765 0 1.23394e-07 1990
