0.898315 0 6.87584e-06 100
0.988147 0 6.53567e-06 110
1.07798 0 6.28067e-06 120
1.16781 0 6.03568e-06 130
1.25764 0 5.80651e-06 140
1.34747 0 5.61202e-06 150
1.4373 0 5.4359e-06 160
1.52714 0 5.27526e-06 170
1.61697 0 5.12694e-06 180
1.7068 0 4.98938e-06 190
1.79663 0 4.8617e-06 200
1.88646 0 4.74331e-06 210
1.97629 0 4.63365e-06 220
2.06613 0 4.53195e-06 230
2.15596 0 4.43719e-06 240
2.24579 0 4.34833e-06 250
2.33562 0 4.26444e-06 260
2.42545 0 4.18485e-06 270
2.51528 0 4.1092e-06 280
2.60511 0 4.03729e-06 290
2.69495 0 3.96902e-06 300
2.78478 0 3.90425e-06 310
2.87461 0 3.84277e-06 320
2.96444 0 3.78426e-06 330
3.05427 0 3.72841e-06 340
3.1441 0 3.67492e-06 350
3.23394 0 3.62357e-06 360
3.32377 0 3.57421e-06 370
3.4136 0 3.52675e-06 380
3.50343 0 3.48113e-06 390
3.59326 0 3.43726e-06 400
3.68309 0 3.39506e-06 410
3.77292 0 3.35442e-06 420
3.86276 0 3.31522e-06 430
3.95259 0 3.27736e-06 440
4.04242 0 3.24074e-06 450
4.13225 0 3.20531e-06 460
4.22208 0 3.17099e-06 470
4.31191 0 3.13776e-06 480
4.40174 0 3.10554e-06 490
4.49158 0 3.07431e-06 500
4.58141 0 3.04401e-06 510
4.67124 0 3.01459e-06 520
4.76107 0 2.98601e-06 530
4.8509 0 2.95822e-06 540
4.94073 0 2.93119e-06 550
5.03057 0 2.90488e-06 560
5.1204 0 2.87927e-06 570
5.21023 0 2.85432e-06 580
5.30006 0 2.83001e-06 590
5.38989 0 2.80631e-06 600
5.47972 0 2.7832e-06 610
5.56955 0 2.76065e-06 620
5.65939 0 2.73864e-06 630
5.74922 0 2.71714e-06 640
5.83905 0 2.69614e-06 650
5.92888 0 2.67562e-06 660
6.01871 0 2.65556e-06 670
6.10854 0 2.63595e-06 680
6.19838 0 2.61676e-06 690
6.28821 0 2.59798e-06 700
6.37804 0 2.5796e-06 710
6.46787 0 2.56161e-06 720
6.5577 0 2.54399e-06 730
6.64753 0 2.52672e-06 740
6.73736 0 2.5098e-06 750
6.8272 0 2.49322e-06 760
6.91703 0 2.47696e-06 770
7.00686 0 2.46101e-06 780
7.09669 0 2.44537e-06 790
7.18652 0 2.43002e-06 800
7.27635 0 2.41495e-06 810
7.36619 0 2.40016e-06 820
7.45602 0 2.38564e-06 830
7.54585 0 2.37138e-06 840
7.63568 0 2.35737e-06 850
7.72551 0 2.34361e-06 860
7.81534 0 2.33008e-06 870
7.90517 0 2.31679e-06 880
7.99501 0 2.30371e-06 890
8.08484 0 2.29086e-06 900
8.17467 0 2.27822e-06 910
8.2645 0 2.26578e-06 920
8.35433 0 2.25355e-06 930
8.44416 0 2.24151e-06 940
8.534 0 2.22966e-06 950
8.62383 0 2.218e-06 960
8.71366 0 2.20652e-06 970
8.80349 0 2.19521e-06 980
8.89332 0 2.18408e-06 990
8.98315 0 2.17311e-06 1000
9.07298 0 2.16231e-06 1010
9.16282 0 2.15166e-06 1020
9.25265 0 2.14117e-06 1030
9.34248 0 2.13083e-06 1040
9.43231 0 2.12064e-06 1050
9.52214 0 2.11059e-06 1060
9.61197 0 2.10069e-06 1070
9.70181 0 2.09092e-06 1080
9.79164 0 2.08128e-06 1090
9.88147 0 2.07178e-06 1100
9.9713 0 2.06241e-06 1110
10.0611 0 2.05316e-06 1120
10.151 0 2.04403e-06 1130
10.2408 0 2.03503e-06 1140
10.3306 0 2.02614e-06 1150
10.4205 0 2.01737e-06 1160
10.5103 0 2.0087e-06 1170
10.6001 0 2.00015e-06 1180
10.69 0 1.99171e-06 1190
10.7798 0 1.98337e-06 1200
10.8696 0 1.97514e-06 1210
10.9594 0 1.96701e-06 1220
11.0493 0 1.95897e-06 1230
11.1391 0 1.95104e-06 1240
11.2289 0 1.9432e-06 1250
11.3188 0 1.93545e-06 1260
11.4086 0 1.92779e-06 1270
11.4984 0 1.92022e-06 1280
11.5883 0 1.91274e-06 1290
11.6781 0 1.90535e-06 1300
11.7679 0 1.89804e-06 1310
11.8578 0 1.89082e-06 1320
11.9476 0 1.88367e-06 1330
12.0374 0 1.87661e-06 1340
12.1273 0 1.86963e-06 1350
12.2171 0 1.86272e-06 1360
12.3069 0 1.85589e-06 1370
12.3968 0 1.84913e-06 1380
12.4866 0 1.84244e-06 1390
12.5764 0 1.83583e-06 1400
12.6662 0 1.82928e-06 1410
12.7561 0 1.82281e-06 1420
12.8459 0 1.8164e-06 1430
12.9357 0 1.81006e-06 1440
13.0256 0 1.80379e-06 1450
13.1154 0 1.79758e-06 1460
13.2052 0 1.79143e-06 1470
13.2951 0 1.78534e-06 1480
13.3849 0 1.77932e-06 1490
13.4747 0 1.77336e-06 1500
13.5646 0 1.76745e-06 1510
13.6544 0 1.76161e-06 1520
13.7442 0 1.75582e-06 1530
13.8341 0 1.75009e-06 1540
13.9239 0 1.74441e-06 1550
14.0137 0 1.73879e-06 1560
14.1035 0 1.73322e-06 1570
14.1934 0 1.7277e-06 1580
14.2832 0 1.72224e-06 1590
14.373 0 1.71682e-06 1600
14.4629 0 1.71146e-06 1610
14.5527 0 1.70615e-06 1620
14.6425 0 1.70088e-06 1630
14.7324 0 1.69567e-06 1640
14.8222 0 1.6905e-06 1650
14.912 0 1.68538e-06 1660
15.0019 0 1.6803e-06 1670
15.0917 0 1.67527e-06 1680
15.1815 0 1.67028e-06 1690
15.2714 0 1.66534e-06 1700
15.3612 0 1.66044e-06 1710
15.451 0 1.65558e-06 1720
15.5409 0 1.65077e-06 1730
15.6307 0 1.64599e-06 1740
15.7205 0 1.64126e-06 1750
15.8103 0 1.63657e-06 1760
15.9002 0 1.63192e-06 1770
15.99 0 1.6273e-06 1780
16.0798 0 1.62273e-06 1790
16.1697 0 1.61819e-06 1800
16.2595 0 1.61369e-06 1810
16.3493 0 1.60923e-06 1820
16.4392 0 1.6048e-06 1830
16.529 0 1.60041e-06 1840
16.6188 0 1.59606e-06 1850
16.7087 0 1.59174e-06 1860
16.7985 0 1.58746e-06 1870
16.8883 0 1.58321e-06 1880
16.9782 0 1.57899e-06 1890
17.068 0 1.5748e-06 1900
17.1578 0 1.57065e-06 1910
17.2477 0 1.56654e-06 1920
17.3375 0 1.56245e-06 1930
17.4273 0 1.55839e-06 1940
17.5171 0 1.55437e-06 1950
17.607 0 1.55038e-06 1960
17.6968 0 1.54641e-06 1970
17.7866 0 1.54248e-06 1980
17.8765 0 1.53858e-06 1990
