0.898315 0 33.056 100
0.988147 0 36.3754 110
1.07798 0 39.638 120
1.16781 0 42.9397 130
1.25764 0 46.2758 140
1.34747 0 49.57 150
1.4373 0 52.8641 160
1.52714 0 56.1631 170
1.61697 0 59.4661 180
1.7068 0 62.7748 190
1.79663 0 66.0871 200
1.88646 0 69.3985 210
1.97629 0 72.7064 220
2.06613 0 76.0096 230
2.15596 0 79.3091 240
2.24579 0 82.6075 250
2.33562 0 85.9077 260
2.42545 0 89.2111 270
2.51528 0 92.5179 280
2.60511 0 95.8265 290
2.69495 0 99.1349 300
2.78478 0 102.441 310
2.87461 0 105.746 320
2.96444 0 109.048 330
3.05427 0 112.35 340
3.1441 0 115.652 350
3.23394 0 118.956 360
3.32377 0 122.261 370
3.4136 0 125.567 380
3.50343 0 128.873 390
3.59326 0 132.179 400
3.68309 0 135.483 410
3.77292 0 138.787 420
3.86276 0 142.091 430
3.95259 0 145.394 440
4.04242 0 148.699 450
4.13225 0 152.003 460
4.22208 0 155.308 470
4.31191 0 158.613 480
4.40174 0 161.918 490
4.49158 0 165.222 500
4.58141 0 168.527 510
4.67124 0 171.831 520
4.76107 0 175.135 530
4.8509 0 178.44 540
4.94073 0 181.744 550
5.03057 0 185.049 560
5.1204 0 188.353 570
5.21023 0 191.658 580
5.30006 0 194.962 590
5.38989 0 198.267 600
5.47972 0 201.571 610
5.56955 0 204.876 620
5.65939 0 208.18 630
5.74922 0 211.485 640
5.83905 0 214.789 650
5.92888 0 218.094 660
6.01871 0 221.398 670
6.10854 0 224.703 680
6.19838 0 228.007 690
6.28821 0 231.311 700
6.37804 0 234.616 710
6.46787 0 237.92 720
6.5577 0 241.225 730
6.64753 0 244.529 740
6.73736 0 247.834 750
6.8272 0 251.138 760
6.91703 0 254.443 770
7.00686 0 257.747 780
7.09669 0 261.052 790
7.18652 0 264.356 800
7.27635 0 267.661 810
7.36619 0 270.965 820
7.45602 0 274.27 830
7.54585 0 277.574 840
7.63568 0 280.879 850
7.72551 0 284.183 860
7.81534 0 287.487 870
7.90517 0 290.792 880
7.99501 0 294.096 890
8.08484 0 297.401 900
8.17467 0 300.705 910
8.2645 0 304.01 920
8.35433 0 307.314 930
8.44416 0 310.619 940
8.534 0 313.923 950
8.62383 0 317.228 960
8.71366 0 320.532 970
8.80349 0 323.837 980
8.89332 0 327.141 990
8.98315 0 330.445 1000
9.07298 0 333.75 1010
9.16282 0 337.054 1020
9.25265 0 340.359 1030
9.34248 0 343.663 1040
9.43231 0 346.968 1050
9.52214 0 350.272 1060
9.61197 0 353.577 1070
9.70181 0 356.881 1080
9.79164 0 360.185 1090
9.88147 0 363.49 1100
9.9713 0 366.794 1110
10.0611 0 370.099 1120
10.151 0 373.403 1130
10.2408 0 376.708 1140
10.3306 0 380.012 1150
10.4205 0 383.317 1160
10.5103 0 386.621 1170
10.6001 0 389.925 1180
10.69 0 393.23 1190
10.7798 0 396.534 1200
10.8696 0 399.839 1210
10.9594 0 403.143 1220
11.0493 0 406.448 1230
11.1391 0 409.752 1240
11.2289 0 413.057 1250
11.3188 0 416.361 1260
11.4086 0 419.665 1270
11.4984 0 422.97 1280
11.5883 0 426.274 1290
11.6781 0 429.579 1300
11.7679 0 432.883 1310
11.8578 0 436.188 1320
11.9476 0 439.492 1330
12.0374 0 442.796 1340
12.1273 0 446.101 1350
12.2171 0 449.405 1360
12.3069 0 452.71 1370
12.3968 0 456.014 1380
12.4866 0 459.319 1390
12.5764 0 462.623 1400
12.6662 0 465.927 1410
12.7561 0 469.232 1420
12.8459 0 472.536 1430
12.9357 0 475.841 1440
13.0256 0 479.145 1450
13.1154 0 482.449 1460
13.2052 0 485.754 1470
13.2951 0 489.058 1480
13.3849 0 492.363 1490
13.4747 0 495.667 1500
13.5646 0 498.972 1510
13.6544 0 502.276 1520
13.7442 0 505.58 1530
13.8341 0 508.885 1540
13.9239 0 512.189 1550
14.0137 0 515.494 1560
14.1035 0 518.798 1570
14.1934 0 522.102 1580
14.2832 0 525.407 1590
14.373 0 528.711 1600
14.4629 0 532.016 1610
14.5527 0 535.32 1620
14.6425 0 538.624 1630
14.7324 0 541.929 1640
14.8222 0 545.233 1650
14.912 0 548.538 1660
15.0019 0 551.842 1670
15.0917 0 555.146 1680
15.1815 0 558.451 1690
15.2714 0 561.755 1700
15.3612 0 565.059 1710
15.451 0 568.364 1720
15.5409 0 571.668 1730
15.6307 0 574.973 1740
15.7205 0 578.277 1750
15.8103 0 581.581 1760
15.9002 0 584.886 1770
15.99 0 588.19 1780
16.0798 0 591.495 1790
16.1697 0 594.799 1800
16.2595 0 598.103 1810
16.3493 0 601.408 1820
16.4392 0 604.712 1830
16.529 0 608.016 1840
16.6188 0 611.321 1850
16.7087 0 614.625 1860
16.7985 0 617.929 1870
16.8883 0 621.234 1880
16.9782 0 624.538 1890
17.068 0 627.843 1900
17.1578 0 631.147 1910
17.2477 0 634.451 1920
17.3375 0 637.756 1930
17.4273 0 641.06 1940
17.5171 0 644.364 1950
17.607 0 647.669 1960
17.6968 0 650.973 1970
17.7866 0 654.277 1980
17.8765 0 657.582 1990
